1.505000000000000071e+01	-2.042630000000007939e+00	-1.950560000000005845e+00	-1.905190000000007711e+00	-1.963980000000007609e+00
1.514999999999999858e+01	-1.948870000000007208e+00	-1.896770000000007617e+00	-2.083950000000008629e+00	-1.899410000000005816e+00
1.525000000000000000e+01	-2.001290000000007119e+00	-1.765140000000004594e+00	-1.930850000000006395e+00	-1.729170000000006091e+00
1.535000000000000142e+01	-1.794570000000006216e+00	-1.771010000000006857e+00	-1.645390000000005681e+00	-1.706290000000007412e+00
1.544999999999999929e+01	-1.781410000000006377e+00	-1.523210000000005726e+00	-1.686080000000005796e+00	-1.343700000000004557e+00
1.555000000000000071e+01	-1.583290000000004971e+00	-1.428920000000005297e+00	-1.622850000000005899e+00	-1.373260000000004366e+00
1.564999999999999858e+01	-1.363110000000004929e+00	-1.331120000000004300e+00	-1.376490000000004654e+00	-1.334750000000004766e+00
1.575000000000000000e+01	-1.244780000000004661e+00	-1.136540000000004325e+00	-1.101740000000003938e+00	-1.094840000000004254e+00
1.585000000000000142e+01	-9.553900000000032922e-01	-1.054360000000003517e+00	-9.728600000000032777e-01	-1.142870000000003827e+00
1.594999999999999929e+01	-9.589000000000034163e-01	-7.481700000000025552e-01	-6.951000000000026047e-01	-1.056740000000004009e+00
1.605000000000000071e+01	-5.182500000000017648e-01	-8.967500000000033777e-01	-8.895400000000031060e-01	-6.820700000000022856e-01
1.615000000000000213e+01	-4.267400000000015070e-01	-4.674300000000015665e-01	-4.492400000000016380e-01	-6.845400000000025909e-01
1.625000000000000000e+01	-4.193000000000015048e-01	-2.873900000000010335e-01	-3.148600000000011390e-01	-2.646800000000009145e-01
1.635000000000000142e+01	1.372300000000004905e-01	-1.339100000000004731e-01	-1.544500000000005591e-01	-2.916700000000010395e-01
1.644999999999999929e+01	7.912000000000028732e-02	2.361300000000008115e-01	2.146400000000007746e-01	3.507200000000012530e-01
1.655000000000000071e+01	7.479900000000027083e-01	4.770800000000017249e-01	3.604300000000013604e-01	5.424400000000020317e-01
1.665000000000000213e+01	7.252200000000024183e-01	6.964100000000025270e-01	7.816400000000028880e-01	8.050800000000027934e-01
1.675000000000000000e+01	1.020080000000003428e+00	9.197500000000032871e-01	8.474000000000028177e-01	1.012750000000003370e+00
1.685000000000000142e+01	1.075810000000004152e+00	1.035020000000003604e+00	1.177930000000004362e+00	1.148940000000004069e+00
1.694999999999999929e+01	1.473060000000004699e+00	1.235190000000004229e+00	1.148150000000004001e+00	1.323350000000005133e+00
1.705000000000000071e+01	1.256560000000004340e+00	1.332640000000005154e+00	1.343840000000004808e+00	1.311440000000005046e+00
1.715000000000000213e+01	1.423070000000005830e+00	1.606010000000005711e+00	1.310440000000004046e+00	1.384710000000003882e+00
1.725000000000000000e+01	1.419140000000004953e+00	1.290750000000004061e+00	1.471580000000005439e+00	1.240680000000005112e+00
1.735000000000000142e+01	1.297440000000004368e+00	1.522030000000006211e+00	1.332830000000005066e+00	1.350160000000004024e+00
1.744999999999999929e+01	1.393460000000004584e+00	1.465260000000004448e+00	1.483310000000005235e+00	1.355880000000005303e+00
1.755000000000000071e+01	1.446960000000006685e+00	1.413310000000006061e+00	1.390670000000005402e+00	1.292470000000005781e+00
1.765000000000000213e+01	1.534010000000004537e+00	1.522220000000003903e+00	1.504150000000004983e+00	1.432830000000003379e+00
1.775000000000000000e+01	1.797870000000005630e+00	1.422260000000004743e+00	1.647600000000005949e+00	1.651310000000007161e+00
1.785000000000000142e+01	1.808300000000006902e+00	1.789300000000006774e+00	1.750070000000005344e+00	1.779720000000006408e+00
1.794999999999999929e+01	2.240140000000009568e+00	1.984100000000006858e+00	1.938090000000008084e+00	1.851190000000006997e+00
1.805000000000000071e+01	2.451620000000005462e+00	2.197520000000007467e+00	2.305510000000007498e+00	2.285210000000007735e+00
1.815000000000000213e+01	2.570820000000009653e+00	2.385880000000008661e+00	2.468570000000007703e+00	2.384860000000008196e+00
1.825000000000000000e+01	1.965930000000007061e+00	2.031680000000009478e+00	2.018160000000007059e+00	2.129160000000006381e+00
1.835000000000000142e+01	1.167010000000008096e+00	1.182150000000001588e+00	1.290510000000004931e+00	1.990880000000008643e+00
1.844999999999999929e+01	5.291100000000011905e-01	6.598900000000030852e-01	7.107900000000036966e-01	1.775900000000005363e+00
1.855000000000000071e+01	5.450799999999996759e-01	2.233900000000018926e-01	6.621100000000025299e-01	1.639690000000003867e+00
1.865000000000000213e+01	4.857300000000037143e-01	5.083400000000022345e-01	6.152400000000013414e-01	1.247580000000008127e+00
1.875000000000000000e+01	5.635699999999996823e-01	4.552200000000022340e-01	6.077400000000009461e-01	1.113220000000003207e+00
1.885000000000000142e+01	5.411900000000021693e-01	3.201500000000001567e-01	6.131400000000053474e-01	8.649500000000007738e-01
1.894999999999999929e+01	6.105100000000018845e-01	4.853700000000022441e-01	5.396500000000000741e-01	7.822100000000037356e-01
1.905000000000000071e+01	5.641600000000022153e-01	4.632100000000000106e-01	5.305100000000014804e-01	7.777700000000048464e-01
1.915000000000000213e+01	5.826600000000036195e-01	5.134800000000012687e-01	5.720700000000020768e-01	6.418700000000022721e-01
1.925000000000000000e+01	3.440699999999997649e-01	4.399800000000035904e-01	4.078600000000035530e-01	8.709400000000031561e-01
1.935000000000000142e+01	4.924600000000030064e-01	7.570900000000007068e-01	5.242999999999994332e-01	7.987599999999990263e-01
1.944999999999999929e+01	5.063799999999991641e-01	7.189600000000043734e-01	6.446000000000019492e-01	5.743000000000029193e-01
1.955000000000000071e+01	4.264500000000041591e-01	7.210200000000036580e-01	5.450700000000027190e-01	7.495100000000025631e-01
1.965000000000000213e+01	5.639800000000037006e-01	9.008600000000021035e-01	5.189600000000035296e-01	6.891100000000018877e-01
1.975000000000000000e+01	5.539299999999978130e-01	8.695900000000009733e-01	5.842000000000012738e-01	7.706500000000043871e-01
1.985000000000000142e+01	5.640600000000060010e-01	8.957700000000056173e-01	5.642600000000028704e-01	7.155400000000015082e-01
1.994999999999999929e+01	5.564600000000006208e-01	7.448300000000012133e-01	4.765499999999994740e-01	7.378299999999997638e-01
2.005000000000000071e+01	6.446300000000017016e-01	8.735700000000021781e-01	5.176800000000022495e-01	5.448700000000102905e-01
2.015000000000000213e+01	4.405100000000021776e-01	6.785300000000018539e-01	4.143100000000036753e-01	6.528099999999993353e-01
2.025000000000000000e+01	6.098200000000031373e-01	7.276000000000041323e-01	4.539499999999979107e-01	5.272499999999987752e-01
2.035000000000000142e+01	6.108300000000022045e-01	4.591700000000036863e-01	4.716900000000040505e-01	4.015400000000038938e-01
2.044999999999999929e+01	5.486100000000002641e-01	3.010100000000026088e-01	5.225900000000002210e-01	4.149099999999987243e-01
2.055000000000000071e+01	6.173100000000020238e-01	1.973099999999934628e-01	4.127700000000015246e-01	3.584299999999997488e-01
2.065000000000000213e+01	4.063700000000040058e-01	2.845700000000049856e-01	4.433300000000011121e-01	2.832500000000069962e-01
2.075000000000000000e+01	5.729700000000035320e-01	1.652400000000048552e-01	5.067200000000067206e-01	3.722199999999999953e-01
2.085000000000000142e+01	5.490299999999967984e-01	3.318599999999983230e-01	5.573499999999962373e-01	3.289399999999987334e-01
2.094999999999999929e+01	5.980800000000051631e-01	3.386900000000027111e-01	5.202400000000048097e-01	4.424600000000038502e-01
2.105000000000000071e+01	6.576199999999966517e-01	3.430999999999974071e-01	4.541099999999980708e-01	4.072500000000026654e-01
2.115000000000000213e+01	4.957100000000043138e-01	5.310300000000031106e-01	3.954100000000085324e-01	4.450000000000036149e-01
2.125000000000000000e+01	5.741200000000044046e-01	3.421900000000034359e-01	4.086199999999987620e-01	3.935399999999958376e-01
2.135000000000000142e+01	5.358799999999971364e-01	7.479400000000007154e-01	4.355599999999986149e-01	5.171900000000048125e-01
2.144999999999999929e+01	2.308100000000043450e-01	5.809999999999980735e-01	4.970500000000050989e-01	5.228400000000040793e-01
2.155000000000000071e+01	1.035499999999970749e-01	7.579000000000073456e-01	4.883800000000010910e-01	3.489499999999979840e-01
2.165000000000000213e+01	1.209900000000012493e-01	6.051499999999986334e-01	5.069400000000019446e-01	5.023700000000026478e-01
2.175000000000000000e+01	3.290000000000693064e-02	8.329000000000016390e-01	5.795499999999996765e-01	4.549100000000033117e-01
2.185000000000000142e+01	4.710999999999482268e-02	7.264100000000021096e-01	5.382200000000044726e-01	5.741899999999964255e-01
2.194999999999999929e+01	-1.713999999999777507e-02	6.154400000000070925e-01	5.120200000000014739e-01	3.904300000000052173e-01
2.205000000000000071e+01	1.375700000000006917e-01	8.134900000000062636e-01	5.985700000000026000e-01	5.407500000000028395e-01
2.215000000000000213e+01	8.524999999999702260e-02	7.405299999999952476e-01	5.330500000000012450e-01	3.749000000000015653e-01
2.225000000000000000e+01	-2.863999999999765692e-02	7.993100000000048500e-01	5.697499999999975362e-01	6.088199999999964751e-01
2.235000000000000142e+01	5.626000000000373064e-02	5.686199999999994592e-01	4.209500000000080955e-01	2.674500000000011313e-01
2.244999999999999929e+01	4.004599999999950422e-01	4.848800000000092481e-01	6.266199999999977344e-01	4.941300000000055093e-01
2.255000000000000071e+01	4.485100000000057929e-01	4.770499999999983642e-01	5.721000000000062702e-01	2.802200000000009128e-01
2.265000000000000213e+01	3.503100000000015646e-01	3.404000000000019233e-01	3.831999999999982642e-01	5.307399999999981022e-01
2.275000000000000000e+01	5.071300000000018571e-01	3.734899999999998776e-01	6.804400000000068172e-01	4.979500000000065540e-01
2.285000000000000142e+01	5.260999999999979027e-01	5.796400000000033748e-01	4.858499999999938423e-01	4.257300000000012186e-01
2.294999999999999929e+01	5.417000000000024018e-01	4.392399999999978544e-01	4.952500000000021885e-01	5.633999999999981245e-01
2.305000000000000071e+01	5.097500000000039222e-01	4.242500000000075100e-01	5.860900000000078824e-01	3.896700000000055675e-01
2.315000000000000213e+01	4.813599999999968460e-01	4.763800000000023571e-01	4.658099999999992802e-01	5.308200000000004026e-01
2.325000000000000000e+01	4.963300000000021583e-01	4.362499999999973621e-01	4.809299999999989139e-01	5.221900000000020414e-01
2.335000000000000142e+01	6.069300000000076301e-01	5.779499999999979654e-01	4.650700000000024259e-01	5.508199999999983110e-01
2.344999999999999929e+01	4.716000000000003523e-01	5.170600000000044050e-01	6.297500000000000320e-01	4.936500000000094701e-01
2.355000000000000071e+01	6.591100000000006398e-01	6.907300000000062834e-01	3.209100000000043029e-01	5.426500000000019641e-01
2.365000000000000213e+01	6.861300000000027932e-01	7.290499999999980885e-01	6.389100000000014212e-01	7.558900000000017272e-01
2.375000000000000000e+01	5.500700000000000589e-01	6.958200000000072105e-01	5.102400000000013591e-01	6.873300000000017729e-01
2.385000000000000142e+01	7.172200000000054088e-01	8.026799999999962854e-01	5.719200000000077555e-01	6.269100000000027428e-01
2.394999999999999929e+01	5.570700000000015084e-01	7.131900000000105377e-01	4.430399999999961036e-01	5.196400000000008790e-01
2.405000000000000071e+01	6.461399999999996036e-01	8.003700000000020243e-01	6.960400000000024345e-01	6.725400000000039125e-01
2.415000000000000213e+01	7.404800000000060223e-01	7.111899999999974353e-01	4.258100000000035190e-01	5.223599999999991583e-01
2.425000000000000000e+01	6.568699999999983996e-01	8.258000000000038643e-01	6.735199999999987863e-01	7.031299999999988115e-01
2.435000000000000142e+01	5.896700000000020259e-01	8.129300000000079240e-01	4.848200000000097432e-01	6.164100000000005686e-01
2.444999999999999929e+01	7.748700000000080523e-01	5.948999999999958765e-01	6.855500000000016581e-01	8.564500000000071500e-01
2.455000000000000071e+01	4.168400000000020422e-01	9.181700000000013739e-01	6.448599999999983234e-01	7.234900000000025200e-01
2.465000000000000213e+01	6.707899999999989982e-01	6.544500000000065265e-01	7.235200000000067133e-01	7.724000000000003086e-01
2.475000000000000000e+01	5.768500000000040817e-01	7.984500000000001041e-01	7.425699999999961776e-01	7.877600000000067881e-01
2.485000000000000142e+01	6.119700000000016793e-01	6.616500000000092863e-01	9.993200000000026506e-01	7.124200000000006083e-01
2.494999999999999929e+01	5.001500000000032031e-01	8.315700000000022518e-01	8.474000000000033728e-01	7.740800000000042091e-01
2.505000000000000071e+01	5.341400000000026127e-01	6.489699999999954949e-01	1.058320000000007477e+00	7.793500000000036509e-01
2.515000000000000213e+01	5.224599999999953726e-01	8.445800000000088792e-01	1.188620000000004451e+00	7.436599999999975452e-01
2.525000000000000000e+01	4.525200000000067502e-01	6.727200000000024271e-01	1.273460000000006254e+00	7.449100000000035138e-01
2.535000000000000142e+01	5.768699999999979955e-01	7.439699999999964675e-01	9.874300000000015842e-01	6.443600000000083705e-01
2.544999999999999929e+01	5.730600000000072303e-01	5.896200000000039187e-01	1.018260000000003274e+00	9.176499999999997437e-01
2.555000000000000071e+01	6.168000000000017913e-01	8.385400000000083898e-01	8.313599999999995438e-01	6.695600000000047070e-01
2.565000000000000213e+01	4.841099999999993186e-01	6.348299999999995613e-01	7.610900000000091481e-01	8.582299999999983831e-01
2.575000000000000000e+01	6.837300000000048339e-01	6.017600000000044025e-01	7.723799999999975130e-01	8.164400000000011648e-01
2.585000000000000142e+01	5.295399999999991225e-01	6.524500000000023059e-01	8.263500000000008061e-01	6.689700000000021740e-01
2.594999999999999929e+01	5.647600000000017051e-01	7.076500000000000012e-01	8.212700000000101586e-01	8.558300000000093055e-01
2.605000000000000071e+01	4.413300000000057732e-01	5.480100000000052152e-01	9.117100000000043503e-01	7.656300000000043626e-01
2.615000000000000213e+01	5.060199999999976939e-01	5.292599999999955118e-01	6.570599999999983121e-01	8.012000000000025768e-01
2.625000000000000000e+01	3.342099999999981752e-01	7.358600000000086183e-01	8.626600000000048674e-01	8.152500000000035829e-01
2.635000000000000142e+01	5.079600000000024096e-01	6.220999999999965446e-01	9.876400000000042922e-01	6.701499999999983581e-01
2.644999999999999929e+01	4.652400000000084246e-01	6.919100000000024675e-01	6.064299999999999136e-01	5.371800000000012121e-01
2.655000000000000071e+01	6.852799999999994451e-01	6.968100000000034822e-01	4.273800000000009258e-01	4.143700000000031802e-01
2.665000000000000213e+01	5.388900000000004242e-01	6.093100000000027938e-01	3.543700000000006844e-01	4.224400000000032018e-01
2.675000000000000000e+01	6.322600000000044851e-01	6.939600000000047952e-01	5.478399999999992165e-01	3.872499999999959308e-01
2.685000000000000142e+01	5.717000000000036497e-01	4.702800000000023628e-01	4.924800000000058020e-01	3.283800000000003938e-01
2.694999999999999929e+01	6.780299999999985783e-01	5.781000000000011685e-01	3.742800000000037208e-01	4.743700000000056205e-01
2.705000000000000071e+01	4.110700000000037102e-01	6.230199999999919136e-01	4.176099999999942081e-01	4.593799999999975125e-01
2.715000000000000213e+01	4.951800000000012858e-01	4.988000000000187839e-01	4.324500000000079947e-01	4.153300000000130221e-01
2.725000000000000000e+01	6.170999999999993157e-01	6.028499999999880066e-01	3.312099999999962852e-01	4.874399999999940447e-01
2.735000000000000142e+01	3.116400000000052462e-01	3.460100000000044806e-01	2.123000000000104526e-01	3.540500000000092462e-01
2.744999999999999929e+01	5.007599999999996498e-01	4.941400000000069070e-01	6.022999999999910647e-01	7.183399999999932062e-01
2.755000000000000071e+01	4.801300000000025547e-01	4.279700000000034588e-01	4.052100000000017355e-01	5.061300000000041877e-01
2.765000000000000213e+01	2.174199999999978372e-01	3.317599999999932270e-01	7.413400000000107681e-01	5.491600000000060877e-01
2.775000000000000000e+01	4.131900000000069406e-01	3.957699999999966800e-01	5.288599999999928913e-01	6.242400000000025706e-01
2.785000000000000142e+01	3.001499999999978630e-01	3.537400000000103240e-01	6.279900000000027127e-01	5.603599999999906434e-01
2.794999999999999929e+01	2.975300000000046796e-01	3.618600000000084527e-01	6.265500000000145953e-01	5.525800000000045120e-01
2.805000000000000071e+01	2.317899999999992189e-01	2.817799999999880400e-01	6.460099999999991960e-01	5.961700000000135224e-01
2.815000000000000213e+01	4.593199999999980077e-01	2.889600000000146496e-01	7.537400000000031852e-01	6.345200000000006391e-01
2.825000000000000000e+01	2.284100000000063579e-01	3.442699999999921934e-01	6.536500000000012855e-01	6.039399999999893742e-01
2.835000000000000142e+01	2.585500000000005572e-01	4.318300000000101502e-01	5.343699999999903527e-01	4.727300000000073110e-01
2.844999999999999929e+01	8.674000000000101074e-02	2.249699999999962563e-01	4.185900000000068455e-01	5.027300000000085589e-01
2.855000000000000071e+01	-1.405500000000086680e-01	1.711199999999918897e-01	1.251099999999998325e-01	2.675299999999945499e-01
2.865000000000000213e+01	-8.460999999999638255e-02	2.672500000000087028e-01	1.673800000000019994e-01	1.212800000000062578e-01
2.875000000000000000e+01	5.493999999999685246e-02	2.303099999999966008e-01	1.261000000000049859e-01	7.325999999999081858e-02
2.885000000000000142e+01	-3.229999999998523115e-03	3.443000000000052685e-01	1.170699999999950947e-01	3.036000000000004806e-01
2.894999999999999929e+01	-1.676499999999953305e-01	1.095199999999966756e-01	9.382000000000478845e-02	1.470600000000038265e-01
2.905000000000000071e+01	2.600999999999418708e-02	2.830900000000023953e-01	1.891200000000032855e-01	2.009400000000035047e-01
2.915000000000000213e+01	-4.131000000000121380e-02	2.636300000000000865e-01	1.458899999999912767e-01	3.359099999999959896e-01
2.925000000000000000e+01	-8.445999999999317942e-02	2.181000000000218181e-02	4.442000000000961152e-02	2.334800000000045173e-01
2.935000000000000142e+01	6.653000000000043601e-02	2.847700000000062959e-01	2.946999999998933112e-02	2.624800000000080957e-01
2.944999999999999929e+01	2.035599999999966880e-01	2.086499999999887611e-01	2.726999999999977775e-01	2.810299999999986698e-01
2.955000000000000071e+01	3.378800000000049542e-01	4.702900000000037606e-01	-6.109999999999637249e-02	9.373000000000109022e-02
2.965000000000000213e+01	6.158799999999975405e-01	1.948200000000006871e-01	2.570300000000012020e-01	-2.778000000001067116e-02
2.975000000000000000e+01	4.718800000000039629e-01	3.797600000000058706e-01	8.957999999999831375e-02	-1.863999999999428267e-02
2.985000000000000142e+01	3.704100000000045689e-01	2.406899999999909390e-01	1.108699999999988584e-01	1.391399999999980985e-01
2.994999999999999929e+01	5.289399999999951918e-01	1.386500000000095434e-01	1.770000000007605117e-03	6.659000000000882269e-02
3.005000000000000071e+01	4.496300000000024721e-01	3.364200000000051594e-01	2.284200000000077557e-01	5.659999999998908266e-02
3.015000000000000213e+01	5.619299999999969319e-01	1.538999999999296486e-02	2.333000000000148844e-02	-2.521999999999034042e-02
3.025000000000000000e+01	3.598100000000150067e-01	3.519900000000055207e-01	1.669799999999993789e-01	1.231899999999979123e-01
3.035000000000000142e+01	4.308299999999947172e-01	2.153099999999960046e-01	1.612499999999889300e-01	8.141000000000205017e-02
3.044999999999999929e+01	4.022800000000096299e-01	-4.339999999999137603e-02	1.811299999999966548e-01	2.186399999999907307e-01
3.055000000000000071e+01	4.732600000000014573e-01	1.582900000000014851e-01	4.602800000000167313e-01	2.212000000000110544e-01
3.065000000000000213e+01	3.278299999999856884e-01	1.231699999999951167e-01	3.685899999999988630e-01	1.861699999999906208e-01
3.075000000000000000e+01	3.037700000000153611e-01	-4.640000000009097784e-03	5.872100000000045616e-01	2.601300000000082435e-01
3.085000000000000142e+01	4.928299999999925518e-01	1.751700000000162016e-01	3.746600000000035458e-01	1.349399999999972011e-01
3.094999999999999929e+01	3.919100000000078077e-01	4.571999999999592362e-02	4.979099999999920811e-01	2.165500000000094571e-01
3.105000000000000071e+01	3.543799999999932004e-01	8.809999999996907111e-03	4.799099999999984489e-01	3.091899999999914161e-01
3.115000000000000213e+01	3.447300000000032005e-01	9.867999999999134408e-02	4.690100000000024805e-01	1.508399999999992802e-01
3.125000000000000000e+01	4.301000000000081425e-01	1.026900000000100788e-01	3.424799999999995626e-01	2.510100000000123899e-01
3.135000000000000142e+01	2.377300000000034941e-01	-1.123400000000000648e-01	5.055600000000044503e-01	1.599299999999997945e-01
3.144999999999999929e+01	2.555699999999925254e-01	1.357799999999902696e-01	2.020500000000076679e-01	2.321699999999901620e-01
3.155000000000000071e+01	2.279000000000061255e-01	1.017900000000086236e-01	1.283699999999936558e-01	-2.428999999999357021e-02
3.165000000000000213e+01	2.425899999999900636e-01	-5.010000000000421061e-02	3.667999999999351640e-02	-1.511999999999963200e-02
3.175000000000000000e+01	1.666600000000079407e-01	1.065499999999989650e-01	-3.344999999999499068e-02	8.004999999998957394e-02
3.185000000000000142e+01	2.257599999999912177e-01	1.821000000001411420e-02	1.668999999999704401e-02	1.537800000000016931e-01
3.194999999999999929e+01	1.774200000000021038e-01	-4.328000000001012981e-02	-3.007000000000214709e-02	-9.916999999999766280e-02
3.204999999999999716e+01	1.662600000000053202e-01	-1.013999999999629954e-02	-1.755199999999851879e-01	4.400999999999671147e-02
3.214999999999999858e+01	2.033100000000061525e-01	1.133300000000052182e-01	9.034999999999047959e-02	1.343400000000021521e-01
3.225000000000000000e+01	2.274699999999904299e-01	-5.490000000012448464e-03	-8.041000000000438075e-02	-1.464200000000031865e-01
3.234999999999999432e+01	1.252900000000072289e-01	2.093000000000351871e-02	-7.192999999999141747e-02	5.300000000000101158e-02
3.244999999999999574e+01	2.787400000000072042e-01	-4.842999999999281907e-02	7.887000000000227162e-02	-1.203999999999543109e-02
3.254999999999999716e+01	6.079999999998996624e-02	2.105899999999934769e-01	1.424600000000003086e-01	2.430999999999636577e-02
3.264999999999999858e+01	2.177900000000051461e-01	2.216999999999921464e-02	2.100999999999694084e-02	1.232700000000090945e-01
3.275000000000000000e+01	1.096800000000012765e-01	2.399199999999987731e-01	3.084999999999926690e-01	1.944999999999914853e-01
3.284999999999999432e+01	1.385400000000030496e-01	2.876000000000554849e-02	1.811500000000172139e-01	-7.418999999998758532e-02
3.294999999999999574e+01	4.939000000000266094e-02	-7.078999999999194270e-02	6.343999999998595207e-02	2.112999999999595063e-02
3.304999999999999716e+01	2.621599999999988939e-01	1.481299999999846351e-01	1.384700000000021469e-01	-2.342999999999770266e-02
3.314999999999999858e+01	3.128000000000252800e-02	1.213700000000099560e-01	1.231800000000053963e-01	1.050299999999996653e-01
3.325000000000000000e+01	1.412799999999952427e-01	7.315999999999460435e-02	5.314000000000281693e-02	-1.250700000000120049e-01
3.334999999999999432e+01	4.777000000000714008e-02	1.109500000000100406e-01	1.479299999999922066e-01	1.922200000000102993e-01
3.344999999999999574e+01	2.303999999998759818e-02	3.002999999999655598e-02	8.217000000000170001e-02	-1.499999999996509551e-03
3.354999999999999716e+01	-4.927000000000365115e-02	-3.569999999999863560e-02	7.267999999999856520e-02	2.571399999999899322e-01
3.364999999999999858e+01	2.155600000000043037e-01	2.701199999999924217e-01	2.138999999999676577e-02	3.980300000000105975e-01
3.375000000000000000e+01	-2.129000000000055154e-02	2.476200000000092771e-01	1.293900000000119122e-01	1.433999999999895913e-01
3.384999999999999432e+01	1.224299999999982486e-01	5.986000000000068350e-02	1.372999999999895970e-01	3.626000000000053070e-01
3.394999999999999574e+01	-9.610999999999626786e-02	4.355000000000346094e-02	-5.345999999999425517e-02	1.595999999999980767e-01
3.404999999999999716e+01	2.056300000000106931e-01	1.803699999999970049e-01	9.266000000000251813e-02	1.987399999999979461e-01
3.414999999999999858e+01	-1.391900000000139692e-01	3.254000000000101950e-02	-7.500000000071365596e-04	-1.199999999990102078e-04
3.425000000000000000e+01	1.378500000000043024e-01	-5.919000000000472494e-02	1.142500000000094690e-01	2.893200000000117345e-01
3.434999999999999432e+01	-3.859000000000292752e-02	3.734599999999956843e-01	-8.249000000001090183e-02	1.225599999999897743e-01
3.444999999999999574e+01	2.371199999999981656e-01	5.593000000001089461e-02	2.857000000000030626e-01	3.795400000000106466e-01
3.454999999999999716e+01	2.510700000000030130e-01	-2.596000000000496175e-02	3.715400000000115277e-01	5.353500000000029901e-01
3.464999999999999858e+01	3.142500000000059135e-01	3.564899999999950331e-01	2.949199999999951305e-01	3.690800000000051817e-01
3.475000000000000000e+01	4.180599999999949357e-01	6.899999999987496647e-04	3.640700000000064995e-01	4.706899999999886175e-01
3.484999999999999432e+01	3.763000000000018552e-01	1.112800000000117584e-01	3.628900000000014336e-01	6.334000000000039599e-01
3.494999999999999574e+01	3.657000000000122930e-01	1.650599999999974588e-01	2.418499999999932093e-01	3.960400000000077747e-01
3.504999999999999716e+01	3.195999999999987740e-01	1.827399999999996527e-01	2.763799999999970725e-01	5.186699999999985211e-01
3.514999999999999858e+01	3.173699999999979315e-01	-1.214000000000940889e-02	1.981200000000178651e-01	5.028800000000028803e-01
3.525000000000000000e+01	2.344700000000096707e-01	1.374200000000063704e-01	2.345499999999853258e-01	4.458200000000028251e-01
3.534999999999999432e+01	3.870099999999979112e-01	2.199200000000097743e-01	2.019000000000133466e-01	6.490799999999931069e-01
3.544999999999999574e+01	1.603099999999996472e-01	8.388000000000091216e-02	3.413699999999953993e-01	3.871000000000193730e-02
3.554999999999999716e+01	1.708499999999985586e-01	1.962299999999934930e-01	1.377399999999978086e-01	3.686400000000147337e-01
3.564999999999999858e+01	3.123999999999693689e-02	3.551400000000106139e-01	4.489599999999976387e-01	2.153999999999997028e-01
3.575000000000000000e+01	1.492499999999990778e-01	2.580399999999914429e-01	5.195699999999999763e-01	-4.219000000000876216e-02
3.584999999999999432e+01	1.675800000000121914e-01	1.866399999999941439e-01	3.616700000000085402e-01	8.324000000000027211e-02
3.594999999999999574e+01	9.955999999999000372e-02	3.552300000000143121e-01	2.423800000000051191e-01	1.918700000000057859e-01
3.604999999999999716e+01	1.992100000000014692e-01	3.519499999999999296e-01	2.801900000000056012e-01	1.465999999999928194e-01
3.614999999999999858e+01	1.398600000000099208e-01	1.688799999999985313e-01	5.255999999999990679e-01	1.486799999999993405e-01
3.625000000000000000e+01	9.742999999998537553e-02	2.346299999999965080e-01	3.368500000000030914e-01	1.752700000000124159e-01
3.634999999999999432e+01	-2.911999999998481775e-02	2.488100000000068590e-01	2.887400000000016620e-01	5.770999999999325281e-02
3.644999999999999574e+01	1.130299999999988120e-01	2.614599999999898672e-01	2.430799999999963823e-01	1.490100000000010583e-01
3.654999999999999716e+01	2.448699999999890131e-01	8.098000000000411813e-02	1.576000000000027379e-01	2.128000000000803554e-02
3.664999999999999858e+01	-4.149999999999224448e-02	1.527700000000115077e-01	1.000200000000010248e-01	1.378699999999893344e-01
3.675000000000000000e+01	1.727400000000051672e-01	5.901999999998984447e-02	6.363999999999614410e-02	1.795200000000114204e-01
3.684999999999999432e+01	1.748899999999948274e-01	1.460699999999986731e-01	1.942599999999934657e-01	1.638299999999942858e-01
3.694999999999999574e+01	6.679999999992271113e-03	1.145700000000009072e-01	1.804200000000128756e-01	9.491999999999867210e-02
3.704999999999999716e+01	5.081000000000575334e-02	-2.528999999999124310e-02	8.835999999998765675e-02	1.979400000000104687e-01
3.714999999999999858e+01	1.674000000000047950e-01	9.988999999999173540e-02	1.605300000000126348e-01	6.706999999998709827e-02
3.725000000000000000e+01	1.273199999999978793e-01	1.069299999999987899e-01	-4.191999999999766052e-02	1.780899999999980554e-01
3.734999999999999432e+01	-8.915000000000038172e-02	5.714000000001127205e-02	2.051799999999922020e-01	1.530000000009584674e-03
3.744999999999999574e+01	3.201000000000686629e-02	2.591699999999984017e-01	3.014800000000061320e-01	1.543799999999967421e-01
3.754999999999999716e+01	2.043099999999860583e-01	2.749000000000033639e-01	2.554999999999205823e-02	3.769999999999398138e-02
3.764999999999999858e+01	2.323400000000050425e-01	9.914000000000235124e-02	2.301399999999994839e-01	2.429300000000020610e-01
3.775000000000000000e+01	4.191999999999766052e-02	1.771399999999984931e-01	1.479800000000080773e-01	1.997200000000106113e-01
3.784999999999999432e+01	2.897900000000152576e-01	2.589199999999901025e-01	5.195999999999775104e-02	9.406000000000280803e-02
3.794999999999999574e+01	5.363999999998388807e-02	8.453000000001184566e-02	1.316300000000052706e-01	5.021999999998545683e-02
3.804999999999999716e+01	6.596000000000069863e-02	2.676999999999916668e-01	-4.758000000000722762e-02	-8.599999999958671086e-04
3.814999999999999858e+01	2.902000000000636709e-02	8.165000000000006974e-02	2.065800000000102554e-01	5.691000000000576847e-02
3.825000000000000000e+01	2.357600000000034668e-01	1.777300000000010261e-01	1.145000000000000046e-01	1.721999999999119374e-02
3.834999999999999432e+01	1.552000000000225421e-02	1.215600000000098685e-01	1.451599999999869384e-01	1.791200000000088000e-01
3.844999999999999574e+01	2.834799999999947362e-01	3.653199999999947045e-01	8.744000000000115569e-02	1.447600000000020815e-01
3.854999999999999716e+01	7.284999999999568210e-02	2.755299999999937244e-01	7.279999999999757498e-02	1.250100000000036182e-01
3.864999999999999858e+01	2.827500000000081615e-01	5.100100000000136191e-01	1.473000000000728935e-02	2.108499999999942920e-01
3.875000000000000000e+01	3.073500000000006782e-01	3.748300000000006627e-01	8.487999999999859546e-02	2.699199999999999933e-01
3.884999999999999432e+01	8.841000000000352743e-02	5.310599999999984222e-01	1.986699999999970434e-01	2.158900000000060215e-01
3.894999999999999574e+01	3.031099999999941619e-01	4.546099999999969055e-01	7.720000000013299557e-03	2.511499999999964317e-01
3.904999999999999716e+01	1.904299999999998771e-01	4.176499999999997992e-01	1.298399999999948762e-01	1.037900000000039763e-01
3.914999999999999858e+01	8.397000000000461040e-02	4.292600000000150184e-01	-7.296999999999469189e-02	1.288100000000018674e-01
3.925000000000000000e+01	3.596800000000057174e-01	4.046699999999973096e-01	2.070799999999913543e-01	1.627899999999910252e-01
3.934999999999999432e+01	1.270500000000045482e-01	3.559600000000008868e-01	-1.117099999999919407e-01	1.596500000000139474e-01
3.944999999999999574e+01	3.016999999999836132e-02	3.797400000000030751e-01	8.547999999999364440e-02	1.252599999999941538e-01
3.954999999999999716e+01	2.740599999999925318e-01	1.758099999999991059e-01	2.052800000000061798e-01	5.171999999999972453e-02
3.964999999999999858e+01	2.227100000000001023e-01	1.826900000000015456e-01	1.819399999999944118e-01	9.959000000000307884e-02
3.975000000000000000e+01	2.065699999999999759e-01	1.357499999999949580e-01	1.131600000000081013e-01	1.933999999999976016e-01
3.984999999999999432e+01	1.741800000000110482e-01	1.392300000000017968e-01	7.592999999999987260e-02	2.204399999999936410e-01
3.994999999999999574e+01	3.329899999999964000e-01	1.481300000000023986e-01	2.153099999999960046e-01	1.207800000000074231e-01
4.004999999999999716e+01	1.942099999999953586e-01	1.262599999999918232e-01	9.206999999999998519e-02	1.046499999999998404e-01
4.014999999999999858e+01	7.555000000000004767e-02	8.178000000000935910e-02	5.597999999999123816e-02	1.132499999999940360e-01
4.025000000000000000e+01	3.117800000000070515e-01	1.430599999999953575e-01	7.148000000000845344e-02	1.007200000000100515e-01
4.034999999999999432e+01	1.578999999999558534e-02	1.474600000000064470e-01	6.804999999999973570e-02	-3.804000000000597875e-02
4.044999999999999574e+01	2.380499999999949323e-01	1.992899999999949157e-01	2.466399999999966397e-01	9.854000000000730231e-02
4.054999999999999716e+01	2.448000000000058740e-01	4.879000000000761200e-02	2.585999999999986643e-01	3.566999999999977411e-01
4.064999999999999858e+01	1.724500000000090405e-01	4.000999999999891310e-01	2.439900000000081171e-01	8.886000000000425503e-02
4.075000000000000000e+01	-5.918000000001220895e-02	2.421200000000043040e-01	3.446899999999976094e-01	3.572400000000021669e-01
4.084999999999999432e+01	4.565000000001278452e-02	2.676199999999982482e-01	2.592899999999974114e-01	1.473700000000027488e-01
4.094999999999999574e+01	1.349399999999972011e-01	1.366400000000038972e-01	3.579300000000009141e-01	2.062199999999954625e-01
4.104999999999999716e+01	4.141000000000630982e-02	2.996300000000051145e-01	1.084500000000158670e-01	3.107600000000065865e-01
4.114999999999999858e+01	9.299999999999675193e-02	5.580999999999412126e-02	3.267699999999973959e-01	8.113999999999095547e-02
4.125000000000000000e+01	3.679000000000001019e-02	1.726700000000042645e-01	2.069399999999895212e-01	2.023600000000065902e-01
4.134999999999999432e+01	7.261999999999017852e-02	2.286100000000076682e-01	3.926200000000093504e-01	1.569600000000020978e-01
4.144999999999999574e+01	5.120000000005138670e-03	2.435299999999971099e-01	3.774899999999994371e-01	1.245999999999907182e-01
4.154999999999999716e+01	1.927200000000091340e-01	2.151100000000035761e-01	5.171799999999945330e-01	1.289000000000055657e-01
4.164999999999999858e+01	1.294299999999997397e-01	1.439500000000042967e-01	6.620300000000179930e-01	1.698200000000055776e-01
4.175000000000000000e+01	3.104299999999871051e-01	3.762300000000009526e-01	3.827499999999885993e-01	1.329999999999391912e-02
4.184999999999999432e+01	1.472300000000009434e-01	2.330999999999869288e-01	4.984900000000020981e-01	1.553099999999935088e-01
4.194999999999999574e+01	2.502300000000099445e-01	2.085200000000149989e-01	4.712699999999986344e-01	2.116600000000098125e-01
4.204999999999999716e+01	1.866899999999922510e-01	2.027399999999886515e-01	4.139800000000107838e-01	-1.924999999999961464e-02
4.214999999999999858e+01	1.810000000000051290e-01	2.139000000000031709e-01	5.575700000000003431e-01	1.088299999999979284e-01
4.225000000000000000e+01	1.313200000000063483e-01	1.903899999999942860e-01	3.532000000000058981e-01	1.433000000000466713e-02
4.234999999999999432e+01	1.097000000000040720e-01	2.283700000000096486e-01	4.534299999999918396e-01	1.226400000000009566e-01
4.244999999999999574e+01	1.550099999999871025e-01	2.079900000000030891e-01	2.439900000000081171e-01	9.271000000000062524e-02
4.254999999999999716e+01	2.044100000000000361e-01	1.132000000000136890e-02	4.402099999999913305e-01	3.296299999999885988e-01
4.264999999999999858e+01	1.023100000000102539e-01	2.791599999999948567e-01	3.855300000000042027e-01	8.589999999999906044e-02
4.275000000000000000e+01	-2.596000000000496175e-02	2.090199999999960701e-01	2.713699999999983903e-01	2.998500000000181021e-01
4.284999999999999432e+01	1.329800000000074534e-01	2.124000000000244442e-02	5.123700000000059873e-01	1.474699999999989630e-01
4.294999999999999574e+01	1.600899999999866319e-01	1.088700000000035195e-01	3.025300000000019085e-01	2.203699999999927384e-01
4.304999999999999716e+01	-2.219999999999452620e-02	1.870100000000014528e-01	4.465100000000015723e-01	1.502400000000042313e-01
4.314999999999999858e+01	1.192700000000006394e-01	9.280999999999683947e-02	2.504399999999948889e-01	1.759200000000055997e-01
4.325000000000000000e+01	6.773000000000829746e-02	9.185999999999727716e-02	4.209300000000141817e-01	4.358999999999128849e-02
4.334999999999999432e+01	1.787500000000014910e-01	2.034900000000135489e-01	2.214099999999959989e-01	3.037800000000078771e-01
4.344999999999999574e+01	2.192200000000007476e-01	9.288999999999025814e-02	3.675900000000011936e-01	2.024600000000028044e-01
4.354999999999999716e+01	-3.460000000000475195e-02	-1.464999999999610711e-02	3.069100000000102302e-01	-3.807000000000129031e-02
4.364999999999999858e+01	1.949999999999903200e-01	3.401500000000025059e-01	4.203300000000013692e-01	3.120500000000003826e-01
4.375000000000000000e+01	1.427300000000114033e-01	-1.012200000000088862e-01	3.033199999999968699e-01	7.781999999998873152e-02
4.384999999999999432e+01	2.378700000000052994e-01	3.227900000000095138e-01	3.770600000000015051e-01	1.745999999999987007e-01
4.394999999999999574e+01	1.207199999999990364e-01	2.444000000000565512e-02	3.610100000000051046e-01	8.425000000000823497e-02
4.404999999999999716e+01	1.097399999999918996e-01	1.936599999999984167e-01	3.827899999999941905e-01	1.800000000000074596e-01
4.414999999999999858e+01	1.574000000000103094e-01	5.139999999999052271e-02	2.458999999999997577e-01	4.870999999999642976e-02
4.425000000000000000e+01	3.724999999999325379e-02	6.398000000000814147e-02	3.653800000000030912e-01	1.285799999999963639e-01
4.434999999999999432e+01	1.840900000000018633e-01	3.572999999999394716e-02	3.198199999999939980e-01	2.187900000000028156e-01
4.444999999999999574e+01	2.619200000000008743e-01	3.001900000000123359e-01	7.062000000001258937e-02	-1.241999999999525602e-02
4.454999999999999716e+01	2.805200000000073191e-01	-1.421000000000565734e-02	2.094799999999893136e-01	8.226999999999791424e-02
4.464999999999999858e+01	1.525099999999929290e-01	1.068699999999904032e-01	1.434099999999998709e-01	1.438899999999959101e-01
4.475000000000000000e+01	1.224299999999982486e-01	1.367400000000001392e-01	2.854000000001032447e-02	2.850100000000043154e-01
4.484999999999999432e+01	3.705900000000119654e-01	1.680000000000176352e-01	1.849599999999902433e-01	2.322099999999957531e-01
4.494999999999999574e+01	1.484799999999891484e-01	1.728799999999892090e-01	5.589000000000530349e-02	1.254800000000071414e-01
4.504999999999999716e+01	2.114200000000117929e-01	3.400000000000969608e-02	8.580000000009167099e-03	1.668899999999956807e-01
4.514999999999999858e+01	2.923399999999897747e-01	1.015699999999956360e-01	1.611299999999899202e-01	2.811400000000051635e-01
4.525000000000000000e+01	1.208100000000027346e-01	8.150999999999826440e-02	-2.618000000000018576e-02	1.698399999999906096e-01
4.534999999999999432e+01	3.007599999999943097e-01	-1.483999999999601957e-02	2.048000000000101406e-01	5.682000000000207024e-02
4.544999999999999574e+01	1.507500000000133455e-01	2.993999999999996109e-01	5.720999999999441116e-02	2.496499999999999275e-01
4.554999999999999716e+01	2.978300000000022041e-01	3.612199999999900490e-01	3.104399999999973847e-01	2.374100000000120558e-01
4.564999999999999858e+01	2.258799999999902275e-01	2.830700000000173633e-01	2.476200000000092771e-01	2.917599999999975213e-01
4.575000000000000000e+01	3.810100000000118392e-01	3.144000000000002348e-01	3.086499999999869903e-01	1.219000000000041023e-01
4.584999999999999432e+01	1.854299999999937665e-01	4.565500000000016212e-01	2.089100000000073398e-01	1.332399999999905049e-01
4.594999999999999574e+01	3.526300000000061607e-01	2.281599999999891770e-01	2.687800000000005185e-01	2.163999999999973722e-01
4.604999999999999716e+01	2.421399999999893360e-01	3.252600000000083758e-01	1.167000000000588400e-02	1.000600000000066159e-01
4.614999999999999858e+01	2.070699999999988383e-01	1.306100000000048056e-01	3.061899999999984079e-01	1.797299999999963649e-01
4.625000000000000000e+01	2.241300000000031878e-01	1.609899999999881148e-01	2.092299999999987781e-01	1.289200000000083890e-01
4.634999999999999432e+01	2.697200000000075648e-01	4.209900000000048048e-01	2.776300000000030410e-01	2.111799999999960098e-01
4.644999999999999574e+01	4.945400000000095275e-01	1.044599999999999279e-01	1.213199999999940853e-01	1.737699999999981482e-01
4.654999999999999716e+01	2.283199999999937779e-01	1.925100000000064260e-01	2.932999999999996166e-01	3.366899999999984905e-01
4.664999999999999858e+01	3.221600000000013897e-01	2.667199999999967930e-01	1.972400000000014419e-01	4.224200000000004063e-01
4.675000000000000000e+01	3.669099999999949069e-01	2.446499999999937891e-01	2.833000000000051033e-01	1.769100000000107531e-01
4.684999999999999432e+01	3.301399999999977131e-01	3.002700000000057545e-01	1.829000000000042536e-01	2.818100000000011152e-01
4.694999999999999574e+01	4.165200000000106040e-01	9.790000000000666225e-02	2.192799999999913707e-01	3.099300000000060340e-01
4.704999999999999716e+01	3.739799999999973146e-01	2.677899999999953651e-01	2.729500000000060767e-01	9.843000000000080851e-02
4.714999999999999858e+01	3.325300000000031564e-01	1.409600000000038045e-01	1.367199999999973437e-01	3.014400000000005408e-01
4.725000000000000000e+01	2.921899999999954534e-01	5.319000000000092404e-02	1.868500000000146155e-01	2.165199999999963820e-01
4.734999999999999432e+01	4.212100000000000288e-01	2.500099999999969569e-01	1.818399999999981975e-01	1.235299999999921461e-01
4.744999999999999574e+01	3.115000000000034408e-01	1.347400000000047726e-01	1.689000000000013268e-01	3.034000000000080521e-01
4.754999999999999716e+01	2.143600000000141781e-01	2.376899999999979030e-01	2.111999999999988054e-01	3.117699999999967719e-01
4.764999999999999858e+01	3.545399999999978013e-01	2.450600000000066891e-01	2.792999999999966620e-01	3.805600000000111116e-01
4.775000000000000000e+01	1.957599999999899698e-01	1.860499999999916110e-01	1.989799999999959657e-01	2.115300000000005232e-01
4.784999999999999432e+01	3.342400000000023685e-01	2.454300000000139981e-01	3.367200000000115656e-01	2.306699999999936579e-01
4.794999999999999574e+01	2.431500000000150485e-01	1.964599999999989965e-01	1.073399999999939264e-01	3.288300000000011214e-01
4.804999999999999716e+01	3.388499999999984302e-01	3.385999999999012716e-02	2.773600000000097099e-01	2.061800000000076349e-01
4.814999999999999858e+01	2.407799999999946372e-01	2.125200000000056766e-01	9.132999999998535345e-02	2.250100000000018474e-01
4.825000000000000000e+01	2.657300000000094031e-01	1.628299999999966163e-01	3.230500000000103289e-01	2.524399999999902278e-01
4.834999999999999432e+01	3.203199999999928882e-01	2.115500000000033187e-01	1.134000000000061209e-01	2.306399999999983463e-01
4.844999999999999574e+01	2.102700000000020386e-01	3.430999999999086170e-02	9.940999999999568237e-02	2.723600000000035437e-01
4.854999999999999716e+01	2.354099999999989534e-01	2.721400000000083197e-01	2.774499999999956446e-01	4.166500000000021298e-01
4.864999999999999858e+01	1.893699999999938210e-01	1.386300000000067478e-01	1.684500000000005993e-01	1.696500000000084607e-01
4.875000000000000000e+01	3.394100000000056516e-01	3.299700000000005962e-01	1.807699999999996254e-01	3.558899999999999841e-01
4.884999999999999432e+01	2.723800000000063393e-01	8.854999999998756921e-02	1.572000000000001174e-01	1.967900000000007144e-01
4.894999999999999574e+01	1.264100000000039081e-01	2.177100000000117275e-01	1.946700000000063657e-01	2.745099999999932594e-01
4.904999999999999716e+01	3.139000000000014001e-01	9.036000000000075916e-02	1.220599999999909396e-01	1.763400000000110157e-01
4.914999999999999858e+01	2.440499999999987402e-01	1.404499999999946902e-01	6.705000000000206628e-02	2.770199999999977125e-01
4.925000000000000000e+01	2.209500000000027553e-01	1.124800000000018702e-01	2.392600000000131011e-01	1.088700000000035195e-01
4.934999999999999432e+01	1.543799999999967421e-01	2.975000000000004863e-01	1.305999999999945260e-01	1.789099999999883284e-01
4.944999999999999574e+01	2.685900000000006060e-01	2.347100000000076903e-01	6.029999999999113326e-03	3.160700000000116194e-01
4.954999999999999716e+01	2.032900000000033569e-01	2.487299999999956768e-01	3.323600000000060395e-01	2.077099999999994784e-01
4.964999999999999858e+01	1.424800000000031042e-01	5.660499999999955012e-01	3.738699999999908208e-01	3.557000000000000717e-01
4.975000000000000000e+01	3.380899999999987804e-01	3.123200000000114773e-01	4.056399999999996675e-01	4.413899999999963963e-01
4.984999999999999432e+01	2.662299999999904743e-01	4.433300000000011121e-01	1.892400000000022953e-01	1.881999999999990347e-01
4.994999999999999574e+01	1.433100000000036567e-01	3.248999999999935828e-01	4.905600000000038263e-01	2.970800000000128338e-01
5.004999999999999716e+01	2.083799999999954300e-01	3.780800000000019701e-01	2.683900000000081776e-01	1.818499999999907135e-01
5.014999999999999858e+01	1.943600000000074435e-01	4.608100000000108776e-01	4.543600000000063699e-01	3.430000000000011928e-01
5.025000000000000000e+01	2.142199999999946092e-01	3.736400000000030808e-01	2.580899999999895500e-01	2.142000000000095772e-01
5.034999999999999432e+01	1.825800000000128154e-01	2.711899999999909938e-01	3.531100000000021999e-01	1.988399999999941603e-01
5.044999999999999574e+01	2.276499999999978263e-01	2.620500000000101637e-01	2.274300000000026023e-01	2.767099999999987903e-01
5.054999999999999716e+01	2.425000000000041289e-01	2.956899999999872963e-01	3.144200000000030304e-01	2.692200000000087301e-01
5.064999999999999858e+01	2.668300000000032868e-01	1.137600000000031503e-01	4.880900000000049643e-01	3.200700000000022971e-01
5.075000000000000000e+01	2.360999999999977006e-01	3.062400000000142786e-01	1.881899999999887552e-01	3.842300000000001270e-01
5.084999999999999432e+01	2.625999999999893419e-01	2.478399999999867376e-01	3.352200000000150060e-01	2.018599999999899919e-01
5.094999999999999574e+01	7.304000000001335813e-02	1.162900000000104128e-01	8.388999999999342816e-02	2.805900000000082217e-01
5.104999999999999716e+01	3.217800000000015648e-01	1.569800000000048934e-01	2.858900000000029751e-01	3.027400000000046165e-01
5.114999999999999858e+01	2.058499999999881536e-01	1.473599999999924692e-01	2.222100000000012399e-01	1.699200000000017918e-01
5.125000000000000000e+01	3.182000000000162476e-01	2.379200000000034065e-01	3.049299999999999233e-01	2.844200000000017825e-01
5.134999999999999432e+01	1.397899999999912546e-01	2.086199999999934496e-01	3.008299999999952123e-01	2.388399999999899215e-01
5.144999999999999574e+01	5.484300000000017494e-01	7.248000000000613674e-02	2.109399999999979902e-01	2.061600000000048394e-01
5.154999999999999716e+01	5.324599999999987121e-01	4.407600000000060358e-01	2.312700000000064704e-01	2.486000000000041510e-01
5.164999999999999858e+01	6.625200000000065481e-01	2.552899999999889147e-01	2.783900000000026909e-01	1.886499999999997623e-01
5.175000000000000000e+01	5.948000000000085441e-01	2.223600000000133248e-01	2.406799999999984230e-01	1.955199999999919502e-01
5.184999999999999432e+01	6.323100000000025922e-01	2.570099999999984064e-01	3.214799999999951585e-01	3.720000000000047713e-01
5.194999999999999574e+01	6.841399999999910886e-01	2.327799999999954905e-01	1.168400000000073546e-01	1.053600000000013831e-01
5.204999999999999716e+01	5.487800000000062628e-01	2.149799999999942868e-01	3.596100000000048147e-01	1.511999999999963096e-01
5.214999999999999858e+01	7.497099999999994324e-01	2.206500000000141126e-01	8.611999999999428446e-02	1.518000000000091221e-01
5.225000000000000000e+01	4.965800000000104575e-01	1.814899999999936842e-01	3.448900000000078014e-01	1.867399999999903581e-01
5.234999999999999432e+01	7.265699999999978287e-01	2.744000000000045292e-01	2.021000000000057750e-01	2.263500000000115142e-01
5.244999999999999574e+01	4.246099999999956576e-01	2.966999999999952453e-01	4.189199999999907997e-01	2.873899999999994792e-01
5.254999999999999716e+01	2.895200000000041629e-01	2.866000000000045178e-01	3.106100000000122652e-01	5.209200000000021591e-01
5.264999999999999858e+01	4.595300000000095975e-01	3.303299999999976255e-01	5.238199999999989531e-01	3.744200000000055262e-01
5.275000000000000000e+01	2.927699999999877067e-01	2.134900000000080345e-01	4.150800000000047230e-01	5.738700000000049872e-01
5.284999999999999432e+01	4.460000000000102216e-01	3.055799999999930794e-01	4.432299999999871343e-01	4.404399999999968340e-01
5.294999999999999574e+01	4.659900000000066767e-01	2.943400000000028771e-01	5.135100000000054621e-01	6.163199999999968703e-01
5.304999999999999716e+01	3.774099999999882549e-01	3.335700000000064169e-01	4.496699999999991815e-01	4.502399999999989189e-01
5.314999999999999858e+01	3.422800000000071341e-01	3.457599999999961815e-01	4.594300000000133832e-01	4.090800000000008874e-01
5.325000000000000000e+01	4.358000000000055163e-01	2.294000000000026296e-01	3.457499999999859019e-01	3.400300000000034961e-01
5.334999999999999432e+01	1.815599999999945868e-01	2.482799999999949492e-01	3.926700000000074575e-01	5.700400000000114265e-01
5.344999999999999574e+01	4.251200000000047718e-01	2.587400000000004696e-01	3.874700000000089184e-01	3.046399999999859776e-01
5.354999999999999716e+01	4.488100000000033174e-01	3.879000000000068504e-01	1.958199999999983565e-01	3.424300000000014554e-01
5.364999999999999858e+01	1.722400000000063325e-01	3.539499999999952684e-01	3.286999999999918320e-01	4.525100000000053524e-01
5.375000000000000000e+01	3.985699999999973153e-01	2.770200000000154761e-01	4.666100000000045211e-01	2.760600000000056342e-01
5.384999999999999432e+01	3.667199999999949944e-01	4.082099999999947437e-01	2.640200000000101910e-01	3.164199999999983692e-01
5.394999999999999574e+01	3.875200000000070255e-01	1.235600000000052212e-01	2.124599999999972899e-01	4.682900000000084217e-01
5.404999999999999716e+01	3.105799999999991901e-01	3.618399999999878935e-01	3.600199999999999512e-01	2.886999999999960709e-01
5.414999999999999858e+01	3.019300000000068596e-01	3.304900000000022264e-01	1.536399999999998878e-01	2.457800000000007479e-01
5.425000000000000000e+01	1.986199999999989363e-01	2.129500000000036086e-01	4.021000000000022334e-01	4.497300000000075682e-01
5.434999999999999432e+01	3.562099999999914224e-01	2.986199999999971655e-01	1.060999999999982374e-01	2.307499999999870766e-01
5.444999999999999574e+01	3.406700000000041362e-01	3.217200000000109417e-01	3.973599999999968824e-01	2.399800000000071598e-01
5.454999999999999716e+01	2.697200000000075648e-01	2.833099999999976193e-01	3.147800000000000598e-01	3.819299999999983264e-01
5.464999999999999858e+01	4.097099999999912479e-01	2.726799999999949820e-01	3.501200000000016521e-01	3.361500000000118282e-01
5.475000000000000000e+01	3.707300000000137707e-01	2.928300000000138570e-01	2.804599999999989324e-01	1.908899999999931207e-01
5.484999999999999432e+01	2.586099999999911803e-01	2.520599999999904028e-01	2.909000000000016573e-01	3.461300000000034904e-01
5.494999999999999574e+01	3.432300000000066964e-01	4.215400000000017466e-01	3.826600000000026647e-01	3.175500000000053280e-01
5.504999999999999716e+01	3.979499999999994153e-01	2.245600000000011198e-01	2.237600000000136424e-01	3.559199999999952957e-01
5.514999999999999858e+01	3.326000000000040591e-01	1.914299999999975743e-01	3.750099999999902955e-01	2.429300000000020610e-01
5.525000000000000000e+01	3.215400000000035452e-01	3.251700000000046775e-01	3.217200000000109417e-01	4.134200000000035624e-01
5.534999999999999432e+01	2.029399999999988435e-01	2.768600000000108752e-01	3.365699999999994807e-01	1.065599999999914810e-01
5.544999999999999574e+01	3.014999999999911640e-01	2.550199999999955836e-01	1.790399999999976177e-01	3.326800000000152413e-01
5.554999999999999716e+01	4.931200000000064421e-01	2.988099999999970779e-01	3.832800000000005647e-01	2.845599999999858243e-01
5.564999999999999858e+01	2.954399999999967608e-01	2.688700000000042167e-01	2.327099999999945878e-01	3.198200000000117615e-01
5.575000000000000000e+01	3.649000000000070520e-01	2.898800000000011923e-01	3.932600000000099905e-01	2.973699999999911969e-01
5.584999999999999432e+01	3.700899999999953671e-01	3.293599999999952677e-01	3.179399999999976689e-01	3.660900000000046339e-01
5.594999999999999574e+01	1.855899999999983674e-01	2.989100000000110557e-01	2.136400000000023558e-01	2.808600000000015529e-01
5.604999999999999716e+01	3.380200000000156413e-01	1.974300000000013544e-01	2.545300000000070284e-01	3.550500000000069156e-01
5.614999999999999858e+01	3.758299999999983321e-01	3.774099999999882549e-01	3.455199999999981619e-01	3.122499999999928111e-01
5.625000000000000000e+01	1.159000000000003083e-01	1.602700000000118197e-01	2.755400000000040039e-01	2.800000000000056888e-01
5.634999999999999432e+01	3.024699999999935218e-01	2.157099999999986251e-01	4.233699999999999686e-01	2.381899999999967377e-01
5.644999999999999574e+01	4.531100000000004013e-01	2.190599999999961467e-01	2.440200000000034286e-01	4.164600000000022173e-01
5.654999999999999716e+01	4.466900000000089688e-01	4.582200000000130058e-01	3.563799999999885393e-01	2.027200000000036195e-01
5.664999999999999858e+01	4.353399999999945091e-01	3.085699999999935716e-01	4.093300000000091865e-01	3.917300000000004112e-01
5.675000000000000000e+01	5.032700000000129847e-01	1.115800000000004150e-01	4.100300000000004497e-01	1.857599999999954843e-01
5.684999999999999432e+01	3.742399999999981297e-01	2.750799999999929968e-01	3.345700000000040863e-01	4.844200000000160045e-01
5.694999999999999574e+01	5.293999999999973172e-01	3.943600000000038741e-01	3.858299999999928453e-01	2.934199999999986264e-01
5.704999999999999716e+01	3.449299999999956290e-01	2.444600000000116402e-01	3.935700000000089127e-01	2.348999999999898392e-01
5.714999999999999858e+01	4.989700000000159008e-01	1.115899999999929310e-01	3.094899999999978224e-01	3.406200000000060291e-01
5.725000000000000000e+01	5.175299999999990463e-01	3.163600000000077461e-01	2.641200000000064052e-01	3.472600000000104492e-01
5.734999999999999432e+01	2.042200000000001237e-01	3.135799999999921983e-01	2.841999999999887949e-01	2.656999999999963280e-01
5.744999999999999574e+01	5.529499999999940574e-01	4.064300000000123925e-01	3.932800000000127860e-01	4.469300000000069883e-01
5.754999999999999716e+01	3.433100000000001151e-01	5.238999999999923718e-01	3.644199999999932493e-01	3.351499999999963397e-01
5.764999999999999858e+01	4.767200000000055282e-01	8.314200000000079305e-01	4.689100000000062662e-01	6.068600000000067274e-01
5.775000000000000000e+01	3.292300000000037419e-01	4.601699999999924739e-01	4.514000000000011892e-01	3.223599999999938182e-01
5.784999999999999432e+01	2.971499999999959729e-01	6.754500000000109861e-01	3.553600000000058379e-01	3.863400000000019596e-01
5.794999999999999574e+01	3.792100000000089288e-01	4.750499999999940881e-01	3.676499999999918167e-01	3.929699999999961002e-01
5.804999999999999716e+01	4.209700000000020093e-01	6.816700000000099902e-01	4.765000000000102487e-01	4.405400000000108118e-01
5.814999999999999858e+01	4.027600000000056690e-01	5.557900000000002283e-01	2.771399999999967223e-01	4.793499999999912276e-01
5.825000000000000000e+01	2.472399999999916886e-01	5.349400000000078537e-01	4.199599999999940603e-01	1.734700000000095055e-01
5.834999999999999432e+01	2.501100000000109347e-01	5.712299999999912448e-01	6.350100000000069578e-01	4.116900000000015547e-01
5.844999999999999574e+01	5.493599999999985162e-01	4.029500000000055815e-01	2.371500000000112407e-01	5.012699999999998823e-01
5.854999999999999716e+01	2.758399999999926466e-01	3.489599999999993818e-01	5.866899999999851678e-01	3.317799999999960225e-01
5.864999999999999858e+01	3.609699999999995135e-01	3.605699999999968930e-01	5.588099999999960321e-01	3.365800000000097603e-01
5.875000000000000000e+01	2.907599999999998519e-01	5.243200000000155514e-01	5.673400000000248244e-01	3.112400000000026257e-01
5.884999999999999432e+01	2.883200000000140095e-01	2.276999999999959334e-01	4.633600000000032137e-01	3.853799999999921178e-01
5.894999999999999574e+01	3.852399999999903124e-01	4.024500000000067468e-01	6.328199999999761793e-01	3.256900000000063078e-01
5.904999999999999716e+01	3.401400000000099899e-01	3.338899999999978552e-01	3.011300000000016186e-01	3.893399999999949679e-01
5.914999999999999858e+01	4.108899999999963137e-01	3.830999999999931682e-01	5.632000000000323414e-01	2.052800000000061798e-01
5.925000000000000000e+01	2.888500000000081558e-01	3.041900000000030135e-01	4.441800000000044601e-01	4.800999999999983614e-01
5.934999999999999432e+01	5.062699999999882294e-01	3.552999999999974512e-01	4.518799999999972283e-01	2.913400000000098689e-01
5.944999999999999574e+01	1.720000000000083129e-01	4.091400000000092740e-01	4.998499999999967969e-01	3.811200000000005694e-01
5.954999999999999716e+01	5.527999999999997360e-01	4.662600000000000078e-01	3.727699999999969371e-01	4.578800000000010084e-01
5.964999999999999858e+01	4.428300000000022774e-01	4.864399999999963753e-01	4.552800000000106206e-01	4.744099999999934480e-01
5.975000000000000000e+01	4.674900000000031808e-01	4.035700000000034260e-01	2.992899999999931171e-01	5.024900000000105393e-01
5.984999999999999432e+01	4.867499999999952975e-01	4.948300000000056542e-01	4.956599999999884432e-01	5.048700000000057031e-01
5.994999999999999574e+01	4.023900000000161237e-01	2.885099999999961584e-01	3.722800000000261456e-01	3.682099999999990381e-01
