1.505000000000000071e+01	-2.068190000000008411e+00	-2.039550000000005969e+00	-2.021840000000008519e+00	-2.001220000000008437e+00
1.514999999999999858e+01	-1.970380000000005349e+00	-1.909190000000007492e+00	-2.061160000000006765e+00	-1.877660000000005436e+00
1.525000000000000000e+01	-2.071600000000007658e+00	-1.830080000000007034e+00	-1.894980000000006104e+00	-1.805560000000008047e+00
1.535000000000000142e+01	-1.803010000000006885e+00	-1.823780000000005730e+00	-1.750160000000006821e+00	-1.690940000000005661e+00
1.544999999999999929e+01	-1.761320000000006880e+00	-1.584060000000006019e+00	-1.638040000000005270e+00	-1.400920000000004828e+00
1.555000000000000071e+01	-1.642300000000005644e+00	-1.476330000000005471e+00	-1.646400000000005859e+00	-1.369010000000004279e+00
1.564999999999999858e+01	-1.354540000000004518e+00	-1.403400000000004644e+00	-1.403310000000005386e+00	-1.363570000000005500e+00
1.575000000000000000e+01	-1.282290000000004371e+00	-1.121760000000003865e+00	-1.068770000000003773e+00	-1.106410000000003224e+00
1.585000000000000142e+01	-9.704100000000036585e-01	-1.060760000000003700e+00	-9.979700000000034654e-01	-1.140330000000004507e+00
1.594999999999999929e+01	-9.935900000000035259e-01	-7.649900000000025013e-01	-7.267500000000024496e-01	-1.043950000000003486e+00
1.605000000000000071e+01	-5.815200000000021463e-01	-8.725600000000032219e-01	-8.083300000000029906e-01	-6.778900000000023240e-01
1.615000000000000213e+01	-4.572500000000015996e-01	-4.678100000000016134e-01	-4.433000000000015262e-01	-6.529700000000022708e-01
1.625000000000000000e+01	-4.241400000000015158e-01	-2.499100000000008814e-01	-3.337300000000011924e-01	-2.764900000000009572e-01
1.635000000000000142e+01	7.351000000000025569e-02	-1.593800000000005768e-01	-1.193300000000004218e-01	-2.220200000000007723e-01
1.644999999999999929e+01	1.108200000000004043e-01	1.976300000000006940e-01	1.606600000000005801e-01	2.467300000000008930e-01
1.655000000000000071e+01	7.267400000000024951e-01	4.861900000000016764e-01	3.957500000000013785e-01	5.499100000000018973e-01
1.665000000000000213e+01	7.501200000000026735e-01	6.631000000000024652e-01	7.695100000000026919e-01	8.380600000000030247e-01
1.675000000000000000e+01	1.048920000000003849e+00	8.894100000000030315e-01	8.075200000000030132e-01	9.892600000000036919e-01
1.685000000000000142e+01	1.087090000000003887e+00	1.075280000000003566e+00	1.177130000000004006e+00	1.135620000000004071e+00
1.694999999999999929e+01	1.437200000000005140e+00	1.199380000000004776e+00	1.190030000000004584e+00	1.300490000000004365e+00
1.705000000000000071e+01	1.301680000000004167e+00	1.303580000000004402e+00	1.381750000000004253e+00	1.274180000000004753e+00
1.715000000000000213e+01	1.378800000000004911e+00	1.538890000000006086e+00	1.364100000000005197e+00	1.353070000000004436e+00
1.725000000000000000e+01	1.431010000000005444e+00	1.297450000000004655e+00	1.455200000000004934e+00	1.203870000000004437e+00
1.735000000000000142e+01	1.306000000000004047e+00	1.452360000000004314e+00	1.322600000000003995e+00	1.416870000000004071e+00
1.744999999999999929e+01	1.421240000000006498e+00	1.506300000000005745e+00	1.494970000000005239e+00	1.367430000000005474e+00
1.755000000000000071e+01	1.394410000000004146e+00	1.378030000000003863e+00	1.385550000000006943e+00	1.333940000000004789e+00
1.765000000000000213e+01	1.521400000000004749e+00	1.526590000000006331e+00	1.538390000000003921e+00	1.394720000000005289e+00
1.775000000000000000e+01	1.776930000000007226e+00	1.453770000000006002e+00	1.647130000000006866e+00	1.669280000000005648e+00
1.785000000000000142e+01	1.836480000000006774e+00	1.808430000000005089e+00	1.699410000000004972e+00	1.696030000000005478e+00
1.794999999999999929e+01	2.174850000000004613e+00	1.997620000000007057e+00	1.969280000000007025e+00	1.878430000000006483e+00
1.805000000000000071e+01	2.464180000000011361e+00	2.197500000000006892e+00	2.306590000000009688e+00	2.179210000000010083e+00
1.815000000000000213e+01	2.562930000000008146e+00	2.455760000000011267e+00	2.438490000000008706e+00	2.331280000000006236e+00
1.825000000000000000e+01	1.950640000000005925e+00	2.067070000000005070e+00	2.012260000000008375e+00	2.085210000000009334e+00
1.835000000000000142e+01	1.132610000000004558e+00	1.653170000000005135e+00	1.210580000000000878e+00	2.106410000000006111e+00
1.844999999999999929e+01	4.768100000000047856e-01	1.214810000000005941e+00	6.410000000000050102e-01	1.877250000000005858e+00
1.855000000000000071e+01	4.285399999999987553e-01	6.127500000000041247e-01	6.135999999999985910e-01	1.710150000000007386e+00
1.865000000000000213e+01	4.998700000000040333e-01	7.036500000000004418e-01	5.602100000000052038e-01	1.344020000000006210e+00
1.875000000000000000e+01	5.319899999999996298e-01	5.505400000000035821e-01	5.335799999999998322e-01	1.143810000000002436e+00
1.885000000000000142e+01	4.797700000000010845e-01	4.149799999999996269e-01	5.976100000000016399e-01	9.383500000000022379e-01
1.894999999999999929e+01	5.925900000000016155e-01	5.085900000000016519e-01	5.339700000000054958e-01	7.827300000000053659e-01
1.905000000000000071e+01	5.119200000000052597e-01	4.326800000000046165e-01	5.206699999999983008e-01	7.715500000000014014e-01
1.915000000000000213e+01	4.629700000000019910e-01	5.421600000000000863e-01	5.236300000000034816e-01	7.510900000000013677e-01
1.925000000000000000e+01	3.450199999999993272e-01	4.187800000000023171e-01	3.977299999999997504e-01	8.538400000000020418e-01
1.935000000000000142e+01	4.548300000000010113e-01	7.638900000000008461e-01	4.981200000000036709e-01	7.287500000000050049e-01
1.944999999999999929e+01	4.696700000000014752e-01	6.206800000000023410e-01	6.206800000000023410e-01	6.961500000000000465e-01
1.955000000000000071e+01	4.715000000000041380e-01	5.495500000000028695e-01	4.616199999999998083e-01	7.194500000000062512e-01
1.965000000000000213e+01	7.193000000000030481e-01	7.457000000000029161e-01	4.991800000000052862e-01	6.227399999999971847e-01
1.975000000000000000e+01	5.277700000000004055e-01	6.835600000000032761e-01	5.410600000000017618e-01	7.650100000000064071e-01
1.985000000000000142e+01	5.969100000000014949e-01	6.320999999999998842e-01	4.913499999999987877e-01	6.920200000000000795e-01
1.994999999999999929e+01	6.075200000000012812e-01	4.776600000000036927e-01	3.862500000000027023e-01	7.447700000000017084e-01
2.005000000000000071e+01	6.525300000000046063e-01	5.443400000000028216e-01	4.307900000000024487e-01	5.384100000000043851e-01
2.015000000000000213e+01	5.163400000000014645e-01	3.790200000000001346e-01	3.122899999999984022e-01	6.289500000000036728e-01
2.025000000000000000e+01	5.788900000000006818e-01	3.456499999999985695e-01	3.892700000000029470e-01	5.715399999999990488e-01
2.035000000000000142e+01	6.820100000000042240e-01	2.220700000000038754e-01	3.931499999999990558e-01	4.041600000000059589e-01
2.044999999999999929e+01	5.450400000000029666e-01	9.325999999999756707e-02	3.866400000000039250e-01	4.190000000000019820e-01
2.055000000000000071e+01	5.439300000000032442e-01	1.274600000000041256e-01	3.933000000000022589e-01	3.864399999999981739e-01
2.065000000000000213e+01	4.397499999999980869e-01	1.717099999999988635e-01	3.481299999999988293e-01	2.606600000000023898e-01
2.075000000000000000e+01	5.699399999999974487e-01	3.769000000000146539e-02	4.797300000000043751e-01	3.483600000000043329e-01
2.085000000000000142e+01	5.520600000000028817e-01	2.397899999999983656e-01	5.307000000000013928e-01	3.603499999999927872e-01
2.094999999999999929e+01	5.162600000000080458e-01	2.531900000000062434e-01	5.207699999999989560e-01	3.612400000000017264e-01
2.105000000000000071e+01	6.218200000000018157e-01	1.888099999999954814e-01	3.912100000000076627e-01	4.532400000000096907e-01
2.115000000000000213e+01	4.676700000000016955e-01	4.402800000000011149e-01	4.461499999999956612e-01	3.867199999999929028e-01
2.125000000000000000e+01	5.755100000000032967e-01	1.958700000000053454e-01	4.519700000000009266e-01	3.759600000000076214e-01
2.135000000000000142e+01	5.016699999999936210e-01	6.178399999999961700e-01	4.134900000000044651e-01	4.642899999999999805e-01
2.144999999999999929e+01	1.617100000000088189e-01	5.141600000000074999e-01	4.445000000000047802e-01	4.720899999999977892e-01
2.155000000000000071e+01	1.325299999999978440e-01	7.323100000000007936e-01	4.484599999999988040e-01	4.421100000000082186e-01
2.165000000000000213e+01	1.004899999999956661e-01	7.008999999999978581e-01	5.079000000000029047e-01	4.728700000000002346e-01
2.175000000000000000e+01	6.129000000000516674e-02	7.251000000000055179e-01	5.729199999999965431e-01	4.878300000000041492e-01
2.185000000000000142e+01	1.878999999999748580e-02	7.474400000000018807e-01	5.285000000000047438e-01	5.626999999999979796e-01
2.194999999999999929e+01	4.081000000000237909e-02	6.319900000000022722e-01	4.179300000000034099e-01	3.905799999999995387e-01
2.205000000000000071e+01	1.489600000000029512e-01	8.761000000000005450e-01	5.738799999999975032e-01	6.018800000000034123e-01
2.215000000000000213e+01	3.728999999999884490e-02	7.008500000000086327e-01	5.481700000000009343e-01	3.501200000000016521e-01
2.225000000000000000e+01	5.670000000002082229e-03	8.526399999999986212e-01	5.624800000000027556e-01	5.340100000000022051e-01
2.235000000000000142e+01	8.057999999999261587e-02	5.305100000000014804e-01	4.015400000000038938e-01	3.473099999999996745e-01
2.244999999999999929e+01	3.188100000000038126e-01	5.534700000000045694e-01	5.842400000000068649e-01	4.553000000000045344e-01
2.255000000000000071e+01	4.770400000000058482e-01	4.159000000000038777e-01	5.702099999999996616e-01	2.954899999999948679e-01
2.265000000000000213e+01	4.068000000000019378e-01	3.420599999999941465e-01	4.115499999999997494e-01	5.127300000000030167e-01
2.275000000000000000e+01	5.369999999999938156e-01	3.668700000000070793e-01	6.367800000000056748e-01	5.291800000000020932e-01
2.285000000000000142e+01	4.646800000000100850e-01	5.362799999999997569e-01	5.198099999999979959e-01	4.925400000000053069e-01
2.294999999999999929e+01	5.207200000000008488e-01	3.941200000000058545e-01	4.616900000000007109e-01	5.819599999999990336e-01
2.305000000000000071e+01	5.180199999999964833e-01	4.004499999999936444e-01	5.876100000000071821e-01	3.702000000000018609e-01
2.315000000000000213e+01	4.764100000000065505e-01	4.627300000000039715e-01	4.488399999999986290e-01	5.421200000000078179e-01
2.325000000000000000e+01	5.552900000000013936e-01	4.420400000000073160e-01	5.497900000000053300e-01	5.590599999999954495e-01
2.335000000000000142e+01	5.528700000000006387e-01	5.164999999999971836e-01	4.583099999999989405e-01	5.522700000000055898e-01
2.344999999999999929e+01	4.504199999999974335e-01	6.377400000000066349e-01	6.428500000000015868e-01	5.877200000000047941e-01
2.355000000000000071e+01	6.798300000000014887e-01	7.110900000000012211e-01	3.315200000000040892e-01	7.427799999999988856e-01
2.365000000000000213e+01	6.941200000000093961e-01	8.081300000000031236e-01	6.576500000000008450e-01	7.997400000000027820e-01
2.375000000000000000e+01	5.596399999999965846e-01	7.707999999999987084e-01	5.626199999999956791e-01	7.371000000000043073e-01
2.385000000000000142e+01	6.732700000000082508e-01	8.191800000000022397e-01	6.037700000000100209e-01	6.805099999999988380e-01
2.394999999999999929e+01	6.089100000000001733e-01	7.943500000000042194e-01	4.773599999999972865e-01	5.201600000000025092e-01
2.405000000000000071e+01	6.537700000000002953e-01	8.672599999999994758e-01	6.656200000000046524e-01	6.910600000000080012e-01
2.415000000000000213e+01	7.127200000000070146e-01	7.657900000000089635e-01	4.991300000000027381e-01	6.619700000000007245e-01
2.425000000000000000e+01	6.057400000000011664e-01	8.987400000000033140e-01	6.243899999999968919e-01	5.990200000000033276e-01
2.435000000000000142e+01	6.856100000000011629e-01	8.160100000000032328e-01	5.830300000000064875e-01	6.173199999999945398e-01
2.444999999999999929e+01	7.108799999999985131e-01	5.666700000000022275e-01	6.952999999999966985e-01	9.538900000000117840e-01
2.455000000000000071e+01	5.416700000000070903e-01	8.951499999999988910e-01	7.631500000000039918e-01	7.603400000000020142e-01
2.465000000000000213e+01	6.596599999999975816e-01	7.526300000000079038e-01	7.963800000000037516e-01	8.603500000000017245e-01
2.475000000000000000e+01	6.175500000000089251e-01	8.090399999999970948e-01	8.376800000000036439e-01	8.256100000000039518e-01
2.485000000000000142e+01	6.666700000000004289e-01	7.149800000000031686e-01	1.021400000000006969e+00	7.705199999999950977e-01
2.494999999999999929e+01	5.412999999999997813e-01	8.539200000000087831e-01	9.435400000000038201e-01	8.377800000000087399e-01
2.505000000000000071e+01	5.519599999999977857e-01	7.449999999999983302e-01	1.133710000000002882e+00	7.756100000000049066e-01
2.515000000000000213e+01	5.808600000000051500e-01	9.587800000000025191e-01	1.254880000000002660e+00	7.944600000000018314e-01
2.525000000000000000e+01	4.971900000000069042e-01	7.602500000000071978e-01	1.336510000000008747e+00	7.135600000000000831e-01
2.535000000000000142e+01	6.377700000000019465e-01	7.539699999999998070e-01	1.004049999999997667e+00	7.071299999999983710e-01
2.544999999999999929e+01	6.297600000000014298e-01	6.251599999999979396e-01	9.519100000000013662e-01	7.672000000000106512e-01
2.555000000000000071e+01	7.210499999999989695e-01	7.070500000000049523e-01	7.638400000000027390e-01	5.665400000000018199e-01
2.565000000000000213e+01	6.028599999999982861e-01	5.237599999999994482e-01	7.401400000000029067e-01	7.646399999999990982e-01
2.575000000000000000e+01	7.131900000000105377e-01	4.978900000000070492e-01	7.620100000000045171e-01	6.609000000000021524e-01
2.585000000000000142e+01	6.335000000000001741e-01	5.699200000000035349e-01	7.739900000000005109e-01	5.360500000000031351e-01
2.594999999999999929e+01	6.818899999999963324e-01	5.238699999999970602e-01	7.502700000000066538e-01	7.163900000000048562e-01
2.605000000000000071e+01	5.356000000000024075e-01	4.445700000000056828e-01	8.827400000000049651e-01	5.777999999999947622e-01
2.615000000000000213e+01	6.180400000000063621e-01	2.805400000000012328e-01	6.197900000000022835e-01	6.352300000000021818e-01
2.625000000000000000e+01	4.525500000000020617e-01	5.075599999999997891e-01	8.197600000000033749e-01	5.919700000000037710e-01
2.635000000000000142e+01	6.095999999999990315e-01	4.469399999999995043e-01	8.535600000000028720e-01	4.845500000000075302e-01
2.644999999999999929e+01	5.702300000000024571e-01	4.575000000000011835e-01	4.698300000000016352e-01	4.478100000000056480e-01
2.655000000000000071e+01	6.046600000000011965e-01	5.444300000000020789e-01	4.036900000000024358e-01	4.157299999999978790e-01
2.665000000000000213e+01	5.135500000000021714e-01	5.835600000000006338e-01	3.607599999999968055e-01	4.539299999999906743e-01
2.675000000000000000e+01	5.915700000000011505e-01	5.685900000000041477e-01	4.244600000000013362e-01	3.943700000000141537e-01
2.685000000000000142e+01	5.677600000000035951e-01	3.968200000000013383e-01	4.747099999999998543e-01	3.208800000000001096e-01
2.694999999999999929e+01	6.543400000000000327e-01	4.789400000000049729e-01	2.967900000000078253e-01	4.673000000000032683e-01
2.705000000000000071e+01	4.363500000000024581e-01	5.339199999999985069e-01	3.463999999999968216e-01	4.271299999999926267e-01
2.715000000000000213e+01	5.275100000000084721e-01	4.259600000000067221e-01	3.704299999999984827e-01	4.307400000000087825e-01
2.725000000000000000e+01	6.490999999999959025e-01	4.702899999999948788e-01	1.998000000000040299e-01	3.653899999999956072e-01
2.735000000000000142e+01	2.853599999999999470e-01	2.981500000000025241e-01	1.870900000000037533e-01	4.249600000000001709e-01
2.744999999999999929e+01	4.441000000000021597e-01	3.902500000000067026e-01	6.051800000000028268e-01	6.693800000000061923e-01
2.755000000000000071e+01	4.038100000000014456e-01	3.285599999999989085e-01	4.596399999999983277e-01	4.752300000000014846e-01
2.765000000000000213e+01	1.853400000000078318e-01	3.340199999999982627e-01	6.521800000000000930e-01	5.957399999999978268e-01
2.775000000000000000e+01	3.003000000000010661e-01	2.969300000000096307e-01	6.055000000000120286e-01	6.665600000000028169e-01
2.785000000000000142e+01	2.546800000000013497e-01	2.875499999999863165e-01	6.071599999999953701e-01	5.952199999999961966e-01
2.794999999999999929e+01	3.012999999999987355e-01	3.444600000000098694e-01	6.284999999999940634e-01	5.732800000000024543e-01
2.805000000000000071e+01	1.854999999999946692e-01	2.125000000000028810e-01	6.784000000000058872e-01	7.023600000000154164e-01
2.815000000000000213e+01	3.961300000000025912e-01	2.299700000000023670e-01	7.112100000000002309e-01	7.266600000000015269e-01
2.825000000000000000e+01	2.291300000000004167e-01	2.582299999999913553e-01	6.696400000000070074e-01	6.545199999999896656e-01
2.835000000000000142e+01	2.549100000000068533e-01	3.136400000000005850e-01	5.370000000000115792e-01	5.287000000000060540e-01
2.844999999999999929e+01	5.660999999999936222e-02	2.388800000000132762e-01	3.540999999999895897e-01	4.409200000000106368e-01
2.855000000000000071e+01	-1.433800000000045594e-01	1.790600000000004133e-01	1.048399999999997528e-01	2.608799999999976138e-01
2.865000000000000213e+01	-8.875999999999915901e-02	3.619299999999915918e-01	1.080100000000076554e-01	1.936500000000059007e-01
2.875000000000000000e+01	-1.555999999999896355e-02	2.191200000000045334e-01	9.225999999999989765e-02	2.381999999999004358e-02
2.885000000000000142e+01	-1.063800000000018481e-01	3.126299999999926360e-01	2.048000000000279111e-02	3.301899999999958202e-01
2.894999999999999929e+01	-9.068000000000107919e-02	1.838400000000113277e-01	1.189600000000017033e-01	1.351000000000018020e-01
2.905000000000000071e+01	-5.330999999999993383e-02	3.241500000000042125e-01	8.638999999998761559e-02	1.980900000000047900e-01
2.915000000000000213e+01	-2.523000000000061999e-02	2.149999999999970823e-01	9.646000000000078123e-02	3.303500000000004211e-01
2.925000000000000000e+01	-3.464999999999397728e-02	9.762000000000305155e-02	6.505000000000672744e-02	2.742899999999980354e-01
2.935000000000000142e+01	6.068999999999235423e-02	2.614299999999945556e-01	-1.034399999999994491e-01	1.996000000000116015e-01
2.944999999999999929e+01	1.196500000000004643e-01	2.080499999999937122e-01	3.440900000000025605e-01	2.163099999999936740e-01
2.955000000000000071e+01	2.966500000000060200e-01	4.685700000000120324e-01	-5.741000000000460318e-02	1.290000000000018077e-01
2.965000000000000213e+01	4.752699999999981939e-01	1.119899999999955514e-01	2.340300000000014591e-01	-9.539000000000219526e-02
2.975000000000000000e+01	4.243700000000065198e-01	2.725300000000006606e-01	1.654699999999925952e-01	-9.434999999999893472e-02
2.985000000000000142e+01	2.924300000000023547e-01	2.069000000000016937e-01	1.193600000000043376e-01	4.312999999999804490e-02
2.994999999999999929e+01	4.144499999999965989e-01	1.318200000000051830e-01	1.264800000000048108e-01	-5.737999999999152806e-02
3.005000000000000071e+01	3.407700000000003504e-01	2.972399999999996711e-01	1.677500000000093083e-01	-2.080000000001199292e-02
3.015000000000000213e+01	4.096000000000025176e-01	-2.812999999999742443e-02	1.104999999999915494e-01	-1.146499999999943259e-01
3.025000000000000000e+01	3.017100000000027538e-01	1.968999999999894446e-01	2.186299999999982147e-01	7.825999999999694312e-02
3.035000000000000142e+01	2.694000000000072448e-01	2.202500000000114921e-01	2.358000000000090579e-01	1.103000000000524221e-02
3.044999999999999929e+01	3.192999999999923677e-01	-5.727999999999531383e-02	1.450399999999879286e-01	1.900099999999944611e-01
3.055000000000000071e+01	3.482900000000034302e-01	1.691999999999899695e-01	4.231900000000103357e-01	2.171700000000073016e-01
3.065000000000000213e+01	3.240800000000033099e-01	2.389000000000870982e-02	2.420300000000006058e-01	2.361400000000032917e-01
3.075000000000000000e+01	2.579300000000027127e-01	3.880999999999815153e-02	4.875200000000052269e-01	2.972800000000052623e-01
3.085000000000000142e+01	4.245599999999975505e-01	1.459499999999996633e-01	2.812400000000013778e-01	1.666700000000004567e-01
3.094999999999999929e+01	3.277899999999978609e-01	1.199999999990102078e-04	3.783299999999925056e-01	2.329799999999879190e-01
3.105000000000000071e+01	2.818500000000067063e-01	-4.590000000010990670e-03	4.044900000000076767e-01	3.001900000000123359e-01
3.115000000000000213e+01	3.175699999999903600e-01	1.239200000000022506e-01	3.258800000000062203e-01	2.067699999999924043e-01
3.125000000000000000e+01	3.258100000000053176e-01	6.007000000000339152e-02	2.159399999999863651e-01	2.228099999999963166e-01
3.135000000000000142e+01	1.935199999999966114e-01	-1.284199999999917630e-01	4.406800000000126172e-01	1.941600000000150150e-01
3.144999999999999929e+01	2.896900000000012798e-01	1.633700000000010422e-01	1.571000000000039032e-01	1.611199999999974042e-01
3.155000000000000071e+01	1.333600000000072783e-01	1.821999999998886663e-02	1.452600000000009162e-01	7.009999999999319553e-02
3.165000000000000213e+01	2.329600000000028870e-01	-1.644999999999902443e-02	1.040099999999992003e-01	-4.300999999999903511e-02
3.175000000000000000e+01	1.760600000000074050e-01	9.548000000000589349e-02	2.986999999999195507e-02	2.387000000000591426e-02
3.185000000000000142e+01	1.709099999999891817e-01	1.379999999999275556e-02	-6.260000000004617773e-03	1.376699999999969060e-01
3.194999999999999929e+01	2.110599999999970000e-01	-1.055299999999985000e-01	6.289999999999928981e-02	-4.459000000000672842e-02
3.204999999999999716e+01	1.404900000000002813e-01	5.749999999995501765e-03	-1.101399999999945201e-01	4.290000000001030489e-02
3.214999999999999858e+01	2.023400000000037946e-01	-1.229999999999624623e-02	1.053899999999966947e-01	6.216000000000243553e-02
3.225000000000000000e+01	1.533500000000037611e-01	2.186000000000028892e-02	-4.087999999999439998e-02	-7.998000000000643483e-02
3.234999999999999432e+01	1.478700000000015835e-01	-3.931999999998950224e-02	-3.885999999999625865e-02	5.176000000000532258e-02
3.244999999999999574e+01	3.193500000000082384e-01	-6.721000000000666719e-02	1.047499999999960546e-01	-1.370000000004983117e-03
3.254999999999999716e+01	6.468999999999193451e-02	3.443500000000033756e-01	1.422799999999929121e-01	2.731000000000714800e-02
3.264999999999999858e+01	1.818800000000037886e-01	1.676999999999934376e-01	-2.060999999999431689e-02	9.584999999999545273e-02
3.275000000000000000e+01	1.373199999999923926e-01	2.972899999999977783e-01	2.487000000000003652e-01	1.354899999999941429e-01
3.284999999999999432e+01	1.517899999999988425e-01	1.760300000000120935e-01	1.296699999999977593e-01	-2.100999999999694084e-02
3.294999999999999574e+01	6.344000000000371564e-02	6.626999999999962088e-02	1.703000000000904138e-02	1.136999999999947601e-02
3.304999999999999716e+01	2.428200000000133307e-01	1.396100000000016217e-01	1.303399999999937109e-01	-3.048999999998979957e-02
3.314999999999999858e+01	6.561999999998870126e-02	2.849999999999940359e-01	1.646400000000098063e-01	5.402999999999399949e-02
3.325000000000000000e+01	1.342200000000031423e-01	1.049000000000081395e-01	3.499999999998960887e-02	-1.065999999999970721e-01
3.334999999999999432e+01	7.137000000000195965e-02	1.593999999999878847e-01	1.024500000000120592e-01	1.608899999999919006e-01
3.344999999999999574e+01	2.067000000000270357e-02	5.479000000001141291e-02	6.684999999999187426e-02	-7.289999999997602217e-03
3.354999999999999716e+01	6.079999999997220440e-03	1.640999999999343331e-02	7.585999999999896992e-02	2.586800000000098465e-01
3.364999999999999858e+01	2.455900000000008354e-01	2.408500000000133034e-01	9.043999999999417783e-02	3.557399999999878992e-01
3.375000000000000000e+01	-1.393000000000204665e-02	1.885899999999913756e-01	1.491900000000084547e-01	1.194200000000127243e-01
3.384999999999999432e+01	1.840800000000093473e-01	8.841000000000352743e-02	8.219000000000449557e-02	3.046699999999990527e-01
3.394999999999999574e+01	-3.966000000000149961e-02	3.444999999999266704e-02	4.317000000000363602e-02	1.555399999999990124e-01
3.404999999999999716e+01	2.148099999999971421e-01	1.680499999999979788e-01	5.587999999999502393e-02	2.052600000000033842e-01
3.414999999999999858e+01	-1.104199999999981308e-01	2.380000000000501159e-02	-8.560000000006371540e-03	-6.546000000000186392e-02
3.425000000000000000e+01	1.425799999999993184e-01	2.776000000000787560e-02	8.219999999999701157e-02	2.499399999999960542e-01
3.434999999999999432e+01	5.822000000000236708e-02	2.724800000000025535e-01	-6.797999999999883303e-02	1.088400000000082080e-01
3.444999999999999574e+01	2.716199999999889259e-01	8.246999999999034270e-02	3.499400000000120192e-01	3.244199999999975437e-01
3.454999999999999716e+01	3.312999999999999834e-01	2.060000000003732890e-03	4.509999999999985687e-01	4.513599999999955981e-01
3.464999999999999858e+01	3.904800000000122062e-01	2.836600000000021327e-01	4.322799999999931142e-01	3.163499999999974666e-01
3.475000000000000000e+01	5.074400000000007793e-01	2.475000000000457737e-02	4.706400000000082740e-01	3.996700000000089625e-01
3.484999999999999432e+01	3.565899999999912473e-01	1.155900000000013861e-01	4.045299999999955043e-01	5.078999999999940229e-01
3.494999999999999574e+01	4.183000000000107188e-01	1.188399999999849299e-01	3.943400000000010786e-01	3.436500000000121124e-01
3.504999999999999716e+01	4.239600000000025015e-01	1.840300000000112401e-01	3.707900000000043939e-01	4.309799999999890385e-01
3.514999999999999858e+01	3.786700000000045030e-01	-7.680000000007707571e-03	2.478900000000026083e-01	3.929700000000138638e-01
3.525000000000000000e+01	2.967400000000008364e-01	8.853000000000253722e-02	4.118100000000005645e-01	3.544099999999885120e-01
3.534999999999999432e+01	3.798499999999918053e-01	1.565500000000069614e-01	2.754299999999975102e-01	4.802500000000104463e-01
3.544999999999999574e+01	2.057000000000115958e-01	1.456199999999979455e-01	3.185400000000104814e-01	9.297999999999395637e-02
3.554999999999999716e+01	1.699299999999943078e-01	1.592100000000057358e-01	1.898800000000029353e-01	3.181500000000003769e-01
3.564999999999999858e+01	8.532000000000680706e-02	3.381499999999894035e-01	4.153200000000027425e-01	1.573300000000094068e-01
3.575000000000000000e+01	9.136999999999094457e-02	2.603100000000156400e-01	4.339899999999923264e-01	3.672999999999162352e-02
3.584999999999999432e+01	1.309400000000065234e-01	1.985299999999952381e-01	3.158799999999939434e-01	1.150600000000072259e-01
3.594999999999999574e+01	7.285999999998819809e-02	4.121600000000050779e-01	2.768400000000080796e-01	1.867500000000006377e-01
3.604999999999999716e+01	1.565000000000088543e-01	3.010499999999904364e-01	2.763000000000036538e-01	1.386699999999945754e-01
3.614999999999999858e+01	1.410899999999953303e-01	1.134599999999967440e-01	3.890299999999960456e-01	1.856300000000039585e-01
3.625000000000000000e+01	8.722999999999844767e-02	3.392700000000038463e-01	2.971200000000006614e-01	1.948600000000062782e-01
3.634999999999999432e+01	-7.100999999998716672e-02	1.602500000000090241e-01	2.992700000000080851e-01	3.670999999998882796e-02
3.644999999999999574e+01	1.144299999999991019e-01	2.798600000000038834e-01	2.333900000000008190e-01	2.304100000000105786e-01
3.654999999999999716e+01	2.732600000000049989e-01	1.944499999999933781e-01	1.487399999999899636e-01	1.360999999999284310e-02
3.664999999999999858e+01	8.699999999990413319e-03	1.166199999999943671e-01	1.599600000000128697e-01	1.892100000000069837e-01
3.675000000000000000e+01	1.461500000000098554e-01	7.257000000000983497e-02	9.940999999999568237e-02	1.641799999999987991e-01
3.684999999999999432e+01	1.726199999999883938e-01	1.448699999999908117e-01	1.635800000000037502e-01	1.428199999999973380e-01
3.694999999999999574e+01	-2.789999999990310214e-03	1.323000000000012222e-01	2.169499999999943141e-01	1.180000000000096250e-01
3.704999999999999716e+01	1.146599999999868419e-01	2.334000000001176800e-02	9.973999999999741406e-02	1.999399999999880717e-01
3.714999999999999858e+01	1.213700000000099560e-01	1.432099999999896789e-01	1.838500000000038437e-01	1.132000000000136924e-01
3.725000000000000000e+01	1.374700000000044775e-01	5.454000000000311377e-02	-3.416999999998904941e-02	1.542300000000024207e-01
3.734999999999999432e+01	-2.415000000000952843e-02	8.710000000000692189e-02	1.898999999999879673e-01	1.863999999999428267e-02
3.744999999999999574e+01	3.152000000000054758e-02	2.926699999999914925e-01	3.321799999999986430e-01	1.993300000000005068e-01
3.754999999999999716e+01	1.629400000000031101e-01	2.469500000000133255e-01	-2.435999999999447288e-02	1.177000000000209823e-02
3.764999999999999858e+01	2.237599999999958789e-01	2.402199999999874158e-01	2.048700000000110433e-01	2.057299999999891438e-01
3.775000000000000000e+01	1.017000000000049253e-01	2.729600000000163562e-01	8.645999999998851826e-02	1.887200000000006650e-01
3.784999999999999432e+01	2.692399999999937621e-01	2.966099999999915471e-01	5.233999999999757596e-02	7.579000000001583082e-02
3.794999999999999574e+01	1.713000000000525908e-02	1.530700000000001504e-01	4.815999999999948794e-02	4.806999999999578971e-02
3.804999999999999716e+01	6.558000000000087371e-02	2.411500000000019461e-01	5.070000000007031556e-03	1.951999999999294577e-02
3.814999999999999858e+01	3.852000000000202484e-02	2.274399999999951183e-01	1.661999999999969335e-01	4.683000000000009377e-02
3.825000000000000000e+01	2.659500000000046271e-01	2.304600000000086857e-01	2.890999999999987330e-02	5.466000000000212355e-02
3.834999999999999432e+01	7.629999999991836888e-03	1.127900000000007924e-01	1.429300000000038318e-01	1.348100000000056753e-01
3.844999999999999574e+01	2.497200000000008302e-01	3.478999999999933257e-01	3.584999999999295694e-02	4.533999999999609870e-02
3.854999999999999716e+01	9.365000000000767155e-02	2.698900000000046817e-01	1.129900000000109844e-01	1.357900000000005492e-01
3.864999999999999858e+01	3.339500000000062419e-01	4.947600000000047515e-01	1.338900000000014245e-01	2.148900000000083521e-01
3.875000000000000000e+01	2.222699999999918630e-01	3.251900000000074731e-01	1.121599999999926683e-01	2.931199999999922201e-01
3.884999999999999432e+01	1.169200000000007733e-01	4.859699999999928521e-01	2.452700000000093972e-01	2.019199999999983786e-01
3.894999999999999574e+01	2.797999999999954968e-01	3.979000000000013082e-01	5.977999999998950126e-02	2.342800000000097582e-01
3.904999999999999716e+01	2.377900000000118808e-01	3.463600000000089940e-01	2.092500000000015736e-01	9.687999999998843370e-02
3.914999999999999858e+01	1.367499999999926552e-01	3.883899999999954056e-01	-2.826999999999922977e-02	1.346299999999982788e-01
3.925000000000000000e+01	2.745400000000063345e-01	3.366499999999928994e-01	2.340900000000098458e-01	1.911800000000070110e-01
3.934999999999999432e+01	1.827600000000024483e-01	2.854100000000069359e-01	-3.186000000001254495e-02	1.209599999999970560e-01
3.944999999999999574e+01	6.760000000003454218e-03	2.995600000000042118e-01	1.553000000000009928e-01	1.622000000000062558e-01
3.954999999999999716e+01	2.443899999999929740e-01	2.058000000000078100e-01	1.296600000000052433e-01	5.850000000000597777e-02
3.964999999999999858e+01	2.151300000000063717e-01	1.835799999999927212e-01	2.513900000000122148e-01	8.322999999998999254e-02
3.975000000000000000e+01	2.351499999999981383e-01	1.666299999999948656e-01	1.310299999999924581e-01	1.536000000000120602e-01
3.984999999999999432e+01	2.041599999999917370e-01	1.507800000000086571e-01	7.609999999999698950e-02	1.312499999999876821e-01
3.994999999999999574e+01	2.335400000000129039e-01	1.139399999999927832e-01	2.391200000000112957e-01	1.303400000000114745e-01
4.004999999999999716e+01	1.966799999999942206e-01	1.520100000000118301e-01	1.009599999999903075e-01	6.095999999999456714e-02
4.014999999999999858e+01	1.269199999999952588e-01	4.919999999998498491e-02	1.260399999999965992e-01	1.226400000000009566e-01
4.025000000000000000e+01	3.014800000000061320e-01	1.717800000000130889e-01	6.812000000000063837e-02	-2.240999999999723422e-02
4.034999999999999432e+01	4.754000000000163650e-02	1.361099999999919874e-01	1.048600000000025484e-01	4.811000000000138083e-02
4.044999999999999574e+01	2.035099999999985809e-01	2.719700000000112028e-01	2.331700000000055950e-01	7.068000000000321248e-02
4.054999999999999716e+01	2.408300000000105079e-01	2.307999999999318930e-02	2.827800000000034730e-01	4.421499999999960462e-01
4.064999999999999858e+01	1.244399999999861173e-01	4.011000000000045640e-01	2.643600000000044248e-01	1.730599999999966054e-01
4.075000000000000000e+01	1.892000000001565693e-02	2.378200000000071923e-01	2.996299999999873509e-01	4.013800000000081747e-01
4.084999999999999432e+01	4.837999999999471196e-02	2.576199999999859713e-01	2.311200000000121491e-01	2.217899999999958238e-01
4.094999999999999574e+01	1.559600000000044284e-01	1.682900000000137619e-01	3.411000000000020682e-01	2.808100000000034457e-01
4.104999999999999716e+01	3.940999999999320047e-02	2.292199999999952331e-01	8.494999999999949813e-02	3.139200000000041957e-01
4.114999999999999858e+01	2.928000000000718223e-02	1.351299999999971135e-01	2.990400000000025815e-01	1.718900000000018191e-01
4.125000000000000000e+01	9.060999999999129473e-02	1.750000000000013212e-01	1.591299999999945536e-01	3.053599999999978554e-01
4.134999999999999432e+01	9.031000000000265204e-02	1.925100000000064260e-01	3.662399999999989553e-01	1.712599999999936951e-01
4.144999999999999574e+01	6.361999999999334854e-02	2.416000000000026737e-01	2.834000000000013175e-01	2.897300000000068709e-01
4.154999999999999716e+01	2.021000000000057750e-01	2.489299999999881052e-01	4.762700000000047451e-01	2.409399999999992381e-01
4.164999999999999858e+01	1.705800000000052274e-01	9.873000000000721477e-02	5.697999999999956433e-01	2.549900000000002720e-01
4.175000000000000000e+01	1.947299999999969888e-01	3.656499999999964223e-01	3.512399999999983313e-01	1.699100000000092758e-01
4.184999999999999432e+01	1.974599999999966660e-01	2.257100000000108742e-01	4.462300000000157252e-01	2.283799999999844010e-01
4.194999999999999574e+01	2.815500000000003000e-01	2.029299999999885640e-01	4.204000000000022719e-01	3.212400000000149025e-01
4.204999999999999716e+01	2.083299999999973229e-01	2.215700000000005998e-01	3.359099999999959896e-01	7.265000000000325364e-02
4.214999999999999858e+01	1.270300000000017526e-01	2.147800000000018306e-01	5.160199999999922627e-01	2.518899999999932859e-01
4.225000000000000000e+01	1.912400000000153977e-01	1.092400000000108284e-01	2.848200000000044030e-01	1.157800000000012985e-01
4.234999999999999432e+01	1.203599999999842435e-01	2.495199999999906382e-01	4.465100000000015723e-01	2.395800000000045393e-01
4.244999999999999574e+01	2.137100000000032585e-01	2.402100000000126634e-01	2.297599999999996589e-01	1.163199999999879608e-01
4.254999999999999716e+01	1.188600000000054890e-01	2.002800000000000691e-01	4.791400000000062831e-01	2.479200000000156834e-01
4.264999999999999858e+01	1.721500000000026342e-01	3.452099999999992397e-01	4.197699999999941478e-01	1.163199999999879608e-01
4.275000000000000000e+01	-2.231000000000101999e-02	2.267099999999907800e-01	3.215600000000063408e-01	2.659300000000018316e-01
4.284999999999999432e+01	1.073599999999967219e-01	1.552300000000000901e-01	5.115800000000110259e-01	5.141000000000080228e-02
4.294999999999999574e+01	1.429399999999963478e-01	2.056500000000134887e-01	3.139199999999864321e-01	2.318700000000015193e-01
4.304999999999999716e+01	5.841000000000227954e-02	1.995900000000013219e-01	4.649000000000053090e-01	1.220100000000105961e-01
4.314999999999999858e+01	7.766000000000189418e-02	1.578799999999885850e-01	3.259200000000118114e-01	1.427399999999861557e-01
4.325000000000000000e+01	8.934000000000029418e-02	2.046100000000102281e-01	4.126799999999889446e-01	8.880000000015573353e-03
4.334999999999999432e+01	1.534299999999971797e-01	2.198299999999883125e-01	3.426900000000022706e-01	2.768199999999875205e-01
4.344999999999999574e+01	2.463600000000107926e-01	1.826700000000165136e-01	3.256500000000007167e-01	1.698200000000055776e-01
4.354999999999999716e+01	1.820000000000383464e-02	1.450999999999430176e-02	3.805100000000130045e-01	-8.000000000052437821e-04
4.364999999999999858e+01	2.331599999999953154e-01	3.830999999999931682e-01	3.904599999999916471e-01	3.068600000000121231e-01
4.375000000000000000e+01	1.372100000000036624e-01	-5.669999999984318660e-03	3.106400000000075767e-01	1.857300000000001727e-01
4.384999999999999432e+01	2.538799999999961088e-01	2.685499999999950149e-01	3.850899999999959911e-01	1.562599999999930711e-01
4.394999999999999574e+01	1.511499999999982025e-01	7.330999999998892569e-02	3.833999999999995745e-01	1.197299999999938830e-01
4.404999999999999716e+01	1.435999999999997834e-01	2.631400000000115313e-01	3.867300000000120641e-01	2.044800000000009388e-01
4.414999999999999858e+01	1.657200000000008944e-01	5.653999999999845955e-02	2.957499999999956830e-01	9.144000000000961081e-02
4.425000000000000000e+01	1.231399999999998052e-01	1.265899999999935410e-01	3.887399999999999189e-01	1.515599999999933389e-01
4.434999999999999432e+01	2.035200000000088605e-01	1.045000000001298536e-02	2.959899999999937026e-01	1.781300000000036465e-01
4.444999999999999574e+01	1.548799999999955768e-01	3.047299999999897313e-01	1.545900000000172136e-01	3.846000000001140173e-02
4.454999999999999716e+01	3.635399999999945897e-01	5.371000000000255431e-02	2.155299999999912286e-01	1.144399999999916179e-01
4.464999999999999858e+01	1.737600000000056322e-01	1.458900000000090402e-01	1.586499999999985144e-01	2.091599999999978754e-01
4.475000000000000000e+01	1.359200000000098385e-01	1.174299999999921240e-01	5.910000000000102671e-02	3.027900000000027236e-01
4.484999999999999432e+01	3.529900000000031901e-01	1.763900000000091228e-01	1.581799999999949913e-01	1.847900000000108900e-01
4.494999999999999574e+01	1.769999999999966878e-01	2.063699999999897838e-01	6.636000000000331911e-02	1.836699999999964472e-01
4.504999999999999716e+01	2.561299999999997468e-01	1.990000000001053426e-02	7.813000000000541734e-02	1.719600000000027218e-01
4.514999999999999858e+01	2.423199999999967325e-01	1.313099999999960688e-01	1.284199999999917630e-01	2.866599999999951409e-01
4.525000000000000000e+01	1.652200000000020597e-01	8.091000000000321546e-02	5.500000000001412093e-02	1.352499999999961233e-01
4.534999999999999432e+01	2.325899999999955781e-01	4.648999999998809640e-02	1.738299999999887713e-01	1.241899999999955817e-01
4.544999999999999574e+01	1.309000000000009323e-01	2.824000000000036481e-01	2.085000000001010004e-02	2.726900000000052615e-01
4.554999999999999716e+01	3.327999999999964875e-01	3.180000000000060556e-01	3.817300000000058979e-01	1.753100000000002434e-01
4.564999999999999858e+01	2.431800000000103601e-01	2.322099999999957531e-01	2.413399999999840950e-01	3.435100000000103071e-01
4.575000000000000000e+01	3.634199999999955799e-01	3.429100000000152582e-01	3.161800000000181132e-01	1.371499999999952757e-01
4.584999999999999432e+01	2.269599999999990791e-01	3.838599999999928181e-01	1.914999999999984770e-01	1.389299999999953905e-01
4.594999999999999574e+01	3.268500000000085781e-01	2.224099999999936683e-01	2.716399999999917214e-01	2.129200000000082971e-01
4.604999999999999716e+01	2.206499999999963491e-01	2.680700000000167393e-01	1.394900000000026119e-01	9.197999999999628695e-02
4.614999999999999858e+01	2.471400000000132380e-01	1.106199999999905592e-01	2.624900000000006117e-01	2.436300000000110877e-01
4.625000000000000000e+01	1.924399999999877597e-01	2.159200000000013331e-01	2.512400000000001299e-01	1.304799999999955162e-01
4.634999999999999432e+01	3.029300000000045290e-01	3.465600000000014225e-01	2.477299999999980074e-01	1.771199999999956975e-01
4.644999999999999574e+01	4.370100000000058937e-01	1.465100000000068847e-01	1.526300000000097024e-01	1.597399999999998821e-01
4.654999999999999716e+01	2.519500000000016726e-01	2.127799999999887282e-01	3.072099999999988729e-01	3.711900000000070143e-01
4.664999999999999858e+01	3.111200000000036159e-01	2.996700000000107056e-01	1.728400000000013814e-01	3.562999999999951206e-01
4.675000000000000000e+01	3.950299999999998257e-01	2.664599999999959778e-01	2.628599999999901571e-01	1.674000000000047950e-01
4.684999999999999432e+01	3.287499999999899392e-01	2.865200000000110991e-01	2.341500000000004689e-01	2.467799999999984450e-01
4.694999999999999574e+01	4.424700000000052480e-01	1.765399999999856806e-01	2.058100000000003260e-01	2.737699999999964051e-01
4.704999999999999716e+01	3.534400000000039177e-01	2.605300000000108640e-01	2.221800000000059283e-01	1.327000000000038427e-01
4.714999999999999858e+01	3.559800000000036824e-01	1.600700000000015999e-01	1.955599999999975414e-01	2.110099999999988929e-01
4.725000000000000000e+01	3.206499999999946060e-01	1.588399999999984269e-01	1.867100000000128102e-01	1.925899999999998446e-01
4.734999999999999432e+01	4.056500000000099471e-01	2.114100000000015134e-01	1.242499999999862048e-01	1.149700000000035277e-01
4.744999999999999574e+01	3.485899999999920729e-01	1.580000000000053584e-01	2.151100000000035761e-01	2.625899999999968260e-01
4.754999999999999716e+01	1.937600000000123945e-01	2.986799999999877886e-01	2.773800000000125054e-01	2.828000000000062686e-01
4.764999999999999858e+01	3.782299999999962914e-01	2.147800000000018306e-01	1.926499999999904678e-01	3.322999999999976528e-01
4.775000000000000000e+01	2.157399999999939366e-01	2.368300000000020389e-01	2.330000000000084781e-01	2.251600000000139323e-01
4.784999999999999432e+01	2.935000000000098086e-01	2.327700000000029745e-01	2.877299999999937130e-01	1.969299999999847561e-01
4.794999999999999574e+01	2.793099999999891780e-01	2.049900000000100531e-01	1.415100000000007463e-01	3.196500000000146446e-01
4.804999999999999716e+01	2.851100000000005297e-01	1.045599999999961421e-01	2.547400000000097364e-01	1.916699999999955939e-01
4.814999999999999858e+01	3.127500000000094094e-01	2.292999999999886518e-01	1.027899999999885294e-01	2.049399999999941824e-01
4.825000000000000000e+01	2.639500000000092883e-01	1.581200000000043682e-01	2.758500000000029262e-01	2.737899999999992007e-01
4.834999999999999432e+01	3.179999999999882920e-01	2.000400000000020495e-01	1.315800000000071635e-01	1.628100000000115843e-01
4.844999999999999574e+01	2.063500000000047518e-01	8.855999999999784877e-02	1.094799999999910844e-01	3.486900000000060507e-01
4.854999999999999716e+01	2.636599999999953980e-01	2.759800000000122155e-01	2.776800000000011481e-01	3.169799999999878271e-01
4.864999999999999858e+01	2.034100000000023667e-01	1.818799999999860251e-01	1.443400000000144012e-01	1.814800000000011682e-01
4.875000000000000000e+01	2.949600000000007216e-01	2.704100000000063120e-01	1.658099999999868290e-01	3.859200000000143072e-01
4.884999999999999432e+01	2.728800000000051740e-01	8.966000000000949599e-02	1.907600000000015950e-01	1.464599999999910140e-01
4.894999999999999574e+01	2.383299999999985708e-01	2.493799999999888328e-01	2.124200000000094624e-01	2.830900000000023953e-01
4.904999999999999716e+01	2.825900000000035606e-01	1.036400000000096550e-01	1.709900000000003639e-01	1.850199999999986300e-01
4.914999999999999858e+01	1.618799999999970540e-01	9.055999999999318761e-02	4.849000000000120575e-02	2.218700000000070061e-01
4.925000000000000000e+01	2.243299999999956162e-01	1.495400000000129681e-01	2.478599999999895331e-01	1.545199999999985474e-01
4.934999999999999432e+01	1.450100000000103806e-01	3.214199999999867718e-01	1.608800000000171482e-01	2.004900000000027771e-01
4.944999999999999574e+01	3.057500000000079599e-01	1.977800000000058678e-01	5.676999999998619956e-02	3.292899999999943650e-01
4.954999999999999716e+01	1.951399999999921253e-01	2.602399999999969737e-01	3.091400000000110726e-01	2.212300000000063660e-01
4.964999999999999858e+01	1.859800000000084719e-01	5.370500000000096863e-01	3.633400000000021612e-01	3.129099999999962467e-01
4.975000000000000000e+01	3.533500000000002195e-01	3.216699999999950710e-01	3.818300000000021122e-01	4.263000000000098377e-01
4.984999999999999432e+01	2.792299999999957594e-01	4.169500000000085360e-01	2.105499999999878857e-01	2.319999999999930451e-01
4.994999999999999574e+01	1.914599999999928859e-01	3.824799999999952682e-01	4.769200000000157202e-01	2.626399999999949331e-01
5.004999999999999716e+01	2.409600000000020337e-01	3.005800000000046768e-01	2.742600000000027238e-01	2.078000000000031766e-01
5.014999999999999858e+01	2.418899999999988004e-01	4.750499999999940881e-01	3.942099999999917892e-01	3.067800000000009408e-01
5.025000000000000000e+01	1.408500000000150743e-01	3.678500000000020087e-01	3.045500000000000429e-01	2.550100000000030676e-01
5.034999999999999432e+01	2.139399999999909985e-01	2.875600000000143597e-01	3.164600000000039604e-01	2.284799999999983788e-01
5.044999999999999574e+01	2.751400000000013835e-01	2.400099999999847078e-01	2.145400000000038110e-01	1.871700000000060538e-01
5.054999999999999716e+01	2.551900000000104640e-01	3.142000000000078064e-01	3.184800000000020948e-01	3.365699999999994807e-01
5.064999999999999858e+01	2.276700000000006219e-01	1.102799999999963254e-01	4.535399999999983334e-01	2.647400000000042497e-01
5.075000000000000000e+01	2.259999999999892373e-01	3.231100000000009520e-01	1.938499999999983292e-01	3.433399999999954266e-01
5.084999999999999432e+01	2.402400000000079749e-01	2.167200000000065740e-01	2.425299999999994405e-01	1.902700000000130398e-01
5.094999999999999574e+01	1.303199999999909153e-01	1.597800000000054732e-01	1.455699999999998384e-01	3.093599999999885330e-01
5.104999999999999716e+01	2.911300000000071608e-01	1.376799999999894220e-01	2.854900000000003546e-01	2.967199999999980409e-01
5.114999999999999858e+01	2.090100000000035541e-01	1.606600000000041606e-01	1.686500000000107913e-01	1.839400000000075419e-01
5.125000000000000000e+01	2.559100000000045227e-01	1.801700000000045765e-01	2.846599999999998021e-01	2.655400000000094907e-01
5.134999999999999432e+01	1.638299999999942858e-01	2.774200000000003330e-01	2.306699999999936579e-01	2.579699999999905402e-01
5.144999999999999574e+01	5.961699999999957589e-01	7.478000000000788183e-02	2.252999999999979741e-01	2.086399999999962451e-01
5.154999999999999716e+01	5.513100000000135115e-01	4.352099999999852198e-01	2.882400000000028273e-01	2.694800000000095452e-01
5.164999999999999858e+01	7.258899999999915975e-01	2.748900000000108479e-01	2.657300000000094031e-01	2.365999999999965353e-01
5.175000000000000000e+01	6.037000000000091182e-01	2.492299999999945115e-01	2.746900000000006559e-01	2.597399999999981390e-01
5.184999999999999432e+01	6.399500000000046818e-01	2.841600000000009674e-01	3.239499999999940205e-01	3.870600000000137819e-01
5.194999999999999574e+01	6.508200000000053942e-01	2.797300000000123577e-01	1.433600000000017638e-01	1.092199999999902693e-01
5.204999999999999716e+01	6.788300000000038192e-01	2.231499999999905504e-01	3.699199999999982502e-01	2.381100000000033190e-01
5.214999999999999858e+01	7.641600000000030590e-01	2.640900000000110937e-01	1.566300000000003800e-01	1.350200000000083833e-01
5.225000000000000000e+01	5.057599999999968787e-01	2.130999999999979300e-01	2.731999999999966122e-01	2.079599999999900140e-01
5.234999999999999432e+01	6.906599999999964989e-01	2.366400000000021264e-01	2.231900000000139050e-01	2.742699999999952398e-01
5.244999999999999574e+01	3.909700000000007614e-01	3.292399999999962579e-01	4.269799999999983053e-01	3.428200000000115599e-01
5.254999999999999716e+01	3.853400000000042902e-01	2.821699999999981445e-01	3.102799999999927838e-01	5.269799999999965623e-01
5.264999999999999858e+01	3.741199999999991199e-01	2.555000000000093863e-01	4.364900000000042635e-01	4.023000000000124254e-01
5.275000000000000000e+01	2.942499999999991789e-01	2.786099999999979149e-01	3.742200000000130977e-01	6.137299999999989986e-01
5.284999999999999432e+01	4.416700000000000070e-01	2.843000000000027727e-01	4.260999999999996457e-01	4.676100000000021906e-01
5.294999999999999574e+01	4.360100000000082243e-01	2.776800000000011481e-01	4.698799999999908605e-01	6.691200000000053771e-01
5.304999999999999716e+01	3.249800000000047651e-01	2.864499999999924329e-01	3.567900000000014393e-01	4.312199999999870581e-01
5.314999999999999858e+01	3.375199999999990430e-01	3.384600000000060893e-01	3.460700000000128673e-01	4.248700000000142363e-01
5.325000000000000000e+01	4.262899999999995582e-01	2.077599999999975855e-01	3.255599999999970184e-01	4.504199999999885518e-01
5.334999999999999432e+01	1.865100000000026181e-01	2.212300000000063660e-01	3.844299999999925554e-01	5.574200000000060218e-01
5.344999999999999574e+01	3.722600000000055864e-01	2.648699999999957755e-01	3.450400000000021228e-01	3.277600000000025493e-01
5.354999999999999716e+01	4.422499999999922604e-01	3.259800000000024345e-01	2.366900000000002335e-01	2.873699999999966836e-01
5.364999999999999858e+01	1.973100000000023446e-01	3.887500000000101985e-01	3.313900000000036816e-01	4.255700000000054994e-01
5.375000000000000000e+01	3.834999999999957887e-01	2.422899999999836573e-01	4.350499999999983824e-01	2.749799999999967826e-01
5.384999999999999432e+01	2.948000000000138843e-01	3.645000000000044316e-01	2.444700000000041562e-01	2.874300000000050703e-01
5.394999999999999574e+01	3.678799999999973203e-01	1.517700000000138105e-01	2.570400000000114815e-01	3.971100000000063468e-01
5.404999999999999716e+01	2.728399999999995829e-01	3.513199999999917500e-01	3.526399999999986767e-01	2.636000000000047749e-01
5.414999999999999858e+01	3.125499999999992173e-01	3.091099999999979975e-01	2.061299999999917643e-01	2.883600000000018371e-01
5.425000000000000000e+01	2.273300000000063881e-01	2.416800000000138560e-01	3.975499999999967948e-01	3.375299999999915590e-01
5.434999999999999432e+01	2.761299999999887733e-01	3.089699999999961921e-01	7.126000000001322943e-02	2.074999999999967704e-01
5.444999999999999574e+01	3.561900000000063904e-01	3.282499999999911044e-01	4.062500000000049960e-01	2.716299999999992054e-01
5.454999999999999716e+01	3.413500000000103674e-01	3.175400000000128120e-01	3.438799999999998525e-01	3.668900000000098749e-01
5.464999999999999858e+01	4.274399999999915489e-01	2.637299999999963007e-01	3.775800000000031353e-01	3.070999999999923791e-01
5.475000000000000000e+01	4.158900000000024799e-01	3.625199999999941247e-01	2.679899999999877935e-01	2.753500000000040915e-01
5.484999999999999432e+01	3.058000000000060670e-01	2.620100000000045726e-01	3.263300000000069478e-01	2.946100000000139718e-01
5.494999999999999574e+01	4.217899999999922822e-01	4.456300000000029127e-01	3.469300000000087314e-01	3.097700000000014331e-01
5.504999999999999716e+01	4.226700000000087054e-01	2.250000000000093314e-01	3.073399999999903986e-01	3.488599999999854040e-01
5.514999999999999858e+01	3.784500000000092790e-01	2.019899999999992812e-01	3.702000000000018609e-01	2.766000000000100600e-01
5.525000000000000000e+01	3.398099999999905085e-01	3.766800000000016801e-01	3.642800000000092076e-01	4.133500000000026597e-01
5.534999999999999432e+01	2.286800000000085709e-01	2.841199999999953762e-01	2.877900000000020997e-01	9.128000000000500991e-02
5.544999999999999574e+01	3.396599999999961872e-01	2.670700000000013064e-01	2.447899999999955944e-01	3.165100000000020675e-01
5.554999999999999716e+01	4.318999999999932893e-01	3.340200000000071445e-01	3.667499999999903060e-01	2.833599999999957264e-01
5.564999999999999858e+01	2.837400000000133149e-01	2.502400000000024605e-01	2.320600000000014318e-01	3.798699999999946009e-01
5.575000000000000000e+01	3.515700000000001046e-01	2.612399999999946432e-01	3.986500000000084976e-01	2.364400000000096980e-01
5.584999999999999432e+01	3.636099999999954924e-01	3.418800000000045136e-01	2.594799999999973239e-01	3.693299999999957173e-01
5.594999999999999574e+01	2.395100000000036367e-01	3.035099999999967824e-01	2.829000000000024828e-01	2.523399999999940135e-01
5.604999999999999716e+01	3.095899999999940366e-01	2.265000000000058356e-01	2.637299999999963007e-01	3.461600000000165656e-01
5.614999999999999858e+01	3.487000000000163302e-01	3.815299999999957059e-01	3.112100000000073141e-01	2.832299999999864371e-01
5.625000000000000000e+01	1.245599999999851271e-01	1.406700000000076778e-01	2.469200000000002504e-01	2.370500000000150265e-01
5.634999999999999432e+01	2.853700000000013448e-01	2.295299999999941554e-01	4.082999999999984420e-01	3.295499999999951801e-01
5.644999999999999574e+01	4.606800000000015882e-01	3.026599999999934343e-01	2.979900000000068050e-01	3.725099999999961220e-01
5.654999999999999716e+01	4.183900000000144170e-01	3.900400000000039946e-01	2.996300000000051145e-01	2.469100000000077344e-01
5.664999999999999858e+01	3.479399999999989168e-01	3.228999999999982440e-01	3.527399999999948910e-01	4.381699999999904005e-01
5.675000000000000000e+01	4.391599999999955539e-01	1.372300000000064579e-01	4.374600000000066213e-01	2.754100000000124782e-01
5.684999999999999432e+01	3.907900000000111285e-01	3.245100000000012419e-01	2.996199999999948349e-01	4.740499999999964187e-01
5.694999999999999574e+01	5.124199999999863309e-01	4.087400000000066536e-01	4.159199999999977915e-01	2.898900000000114718e-01
5.704999999999999716e+01	3.391800000000179116e-01	2.513399999999963441e-01	3.430000000000011928e-01	3.171199999999896324e-01
5.714999999999999858e+01	4.191599999999888193e-01	1.577600000000073388e-01	2.794800000000040585e-01	3.930000000000091753e-01
5.725000000000000000e+01	3.996400000000136510e-01	3.005799999999869132e-01	3.194000000000063455e-01	3.733800000000022656e-01
5.734999999999999432e+01	3.091799999999989002e-01	4.108100000000028951e-01	2.558799999999914476e-01	2.760699999999981502e-01
5.744999999999999574e+01	5.919199999999967821e-01	3.722000000000149633e-01	3.923600000000085353e-01	4.981300000000050687e-01
5.754999999999999716e+01	4.181999999999967410e-01	5.091799999999953030e-01	3.655500000000002081e-01	3.314299999999915092e-01
5.764999999999999858e+01	6.032700000000111862e-01	7.372900000000042198e-01	4.801900000000020596e-01	6.169599999999975104e-01
5.775000000000000000e+01	4.536800000000001387e-01	4.223200000000041920e-01	4.539100000000056423e-01	3.812000000000117517e-01
5.784999999999999432e+01	4.412699999999973866e-01	6.327699999999958358e-01	3.940000000000068447e-01	3.878800000000040549e-01
5.794999999999999574e+01	5.186499999999957256e-01	4.610300000000061571e-01	3.552199999999862690e-01	4.418599999999999195e-01
5.804999999999999716e+01	4.949200000000093524e-01	6.209900000000012632e-01	4.488200000000135970e-01	4.398999999999924082e-01
5.814999999999999858e+01	5.140600000000024039e-01	5.306899999999911133e-01	3.581200000000008266e-01	4.682400000000103146e-01
5.825000000000000000e+01	3.688799999999949897e-01	4.349200000000068567e-01	4.066699999999926485e-01	2.553799999999926129e-01
5.834999999999999432e+01	3.170700000000092889e-01	5.289900000000021807e-01	6.279500000000148852e-01	3.797000000000152475e-01
5.844999999999999574e+01	5.951100000000074663e-01	4.215600000000045422e-01	2.356299999999941774e-01	4.703699999999971793e-01
5.854999999999999716e+01	2.874099999999845112e-01	3.221199999999957986e-01	5.667599999999970439e-01	3.212800000000027301e-01
5.864999999999999858e+01	3.511400000000021171e-01	3.565000000000053126e-01	5.323000000000118748e-01	3.428999999999872150e-01
5.875000000000000000e+01	2.820100000000113072e-01	4.759499999999955433e-01	5.311299999999993249e-01	3.623000000000166643e-01
5.884999999999999432e+01	2.830799999999921157e-01	2.814400000000115698e-01	4.374100000000085142e-01	3.647099999999893760e-01
5.894999999999999574e+01	3.817700000000114890e-01	3.576499999999973034e-01	5.463999999999932244e-01	3.160399999999985443e-01
5.904999999999999716e+01	3.259699999999921549e-01	3.112600000000054212e-01	3.415599999999953118e-01	3.820300000000123042e-01
5.914999999999999858e+01	4.235200000000120535e-01	3.934299999999893438e-01	5.074600000000035749e-01	2.346200000000039920e-01
5.925000000000000000e+01	2.733699999999937291e-01	2.348700000000122912e-01	3.803900000000139947e-01	4.062599999999975120e-01
5.934999999999999432e+01	5.593900000000060491e-01	3.697000000000030262e-01	5.137099999999978905e-01	3.669799999999958096e-01
5.944999999999999574e+01	1.875599999999983947e-01	3.893300000000024519e-01	4.210799999999907395e-01	3.344400000000125606e-01
5.954999999999999716e+01	4.972199999999933340e-01	4.869300000000026940e-01	3.875400000000098211e-01	4.769599999999857842e-01
5.964999999999999858e+01	4.339200000000091872e-01	4.571799999999919817e-01	4.472200000000031150e-01	5.552700000000163616e-01
5.975000000000000000e+01	4.490599999999938530e-01	4.525899999999987711e-01	3.366600000000031789e-01	4.831099999999838857e-01
5.984999999999999432e+01	4.834900000000014741e-01	5.235700000000084176e-01	4.403999999999912429e-01	5.258000000000270235e-01
5.994999999999999574e+01	4.292100000000169113e-01	3.020300000000030738e-01	3.696700000000077146e-01	3.894399999999734185e-01
