1.505000000000000071e+01	-1.705980000000006269e+00	-2.226480000000007564e+00	-1.750590000000006974e+00	-2.014290000000007907e+00
1.514999999999999858e+01	-1.972580000000006439e+00	-1.960810000000008602e+00	-2.049710000000007248e+00	-1.947830000000006168e+00
1.525000000000000000e+01	-1.915180000000007654e+00	-1.804350000000005450e+00	-1.894250000000006207e+00	-1.583640000000005044e+00
1.535000000000000142e+01	-1.721480000000005894e+00	-1.764500000000006175e+00	-1.557240000000005287e+00	-1.705500000000006899e+00
1.544999999999999929e+01	-1.673270000000006030e+00	-1.575310000000005317e+00	-1.757770000000005828e+00	-1.423170000000004265e+00
1.555000000000000071e+01	-1.648650000000006166e+00	-1.504840000000005951e+00	-1.393590000000004991e+00	-1.197740000000004690e+00
1.564999999999999858e+01	-1.313020000000004517e+00	-1.377460000000004792e+00	-1.461380000000005008e+00	-1.322610000000004282e+00
1.575000000000000000e+01	-1.004000000000003556e+00	-1.188460000000004291e+00	-1.118130000000003843e+00	-1.020990000000004061e+00
1.585000000000000142e+01	-9.239000000000032742e-01	-1.159570000000004208e+00	-9.599000000000036392e-01	-1.222420000000004059e+00
1.594999999999999929e+01	-8.532200000000030871e-01	-6.150700000000022261e-01	-7.423000000000025134e-01	-1.045810000000004125e+00
1.605000000000000071e+01	-6.085500000000020338e-01	-9.047800000000031373e-01	-9.960500000000036547e-01	-6.061400000000021215e-01
1.615000000000000213e+01	-4.046000000000014030e-01	-5.472400000000019471e-01	-4.791200000000016557e-01	-7.268000000000025551e-01
1.625000000000000000e+01	-4.731800000000016548e-01	-2.527200000000008329e-01	-1.756800000000006134e-01	-2.934900000000009723e-01
1.635000000000000142e+01	1.848900000000006372e-01	-1.437700000000005085e-01	-2.164800000000007829e-01	-4.119600000000014917e-01
1.644999999999999929e+01	3.676000000000015366e-02	2.792000000000010029e-01	1.930500000000006655e-01	4.472500000000015907e-01
1.655000000000000071e+01	7.508800000000026564e-01	3.950800000000014300e-01	5.047900000000017373e-01	5.813300000000021228e-01
1.665000000000000213e+01	6.343600000000021444e-01	8.769800000000029794e-01	8.302300000000029101e-01	6.708200000000024144e-01
1.675000000000000000e+01	1.110330000000004258e+00	9.042800000000033034e-01	1.060160000000003988e+00	1.021080000000003762e+00
1.685000000000000142e+01	7.819800000000026730e-01	9.349900000000033184e-01	1.024380000000003399e+00	1.161230000000003981e+00
1.694999999999999929e+01	1.451130000000005138e+00	1.433600000000004870e+00	1.452200000000004820e+00	1.398260000000005610e+00
1.705000000000000071e+01	1.228300000000004832e+00	1.339810000000004830e+00	1.380700000000005145e+00	1.253440000000003440e+00
1.715000000000000213e+01	1.440460000000004070e+00	1.634840000000005400e+00	1.198840000000004125e+00	1.433960000000005897e+00
1.725000000000000000e+01	1.486070000000005775e+00	9.541000000000033898e-01	1.599970000000006332e+00	1.049590000000004020e+00
1.735000000000000142e+01	1.183520000000003236e+00	1.685250000000007464e+00	1.219670000000004917e+00	1.230740000000003498e+00
1.744999999999999929e+01	1.435520000000006346e+00	1.188030000000004138e+00	1.629240000000004240e+00	1.296760000000005908e+00
1.755000000000000071e+01	1.396660000000005564e+00	1.206320000000002723e+00	1.666190000000006721e+00	1.149710000000003340e+00
1.765000000000000213e+01	1.497720000000005491e+00	1.393190000000004591e+00	1.478780000000004868e+00	1.321800000000004305e+00
1.775000000000000000e+01	1.872870000000006474e+00	1.567810000000006143e+00	1.915360000000008389e+00	1.621110000000006934e+00
1.785000000000000142e+01	1.649790000000005641e+00	1.531810000000005667e+00	1.801410000000005285e+00	1.807390000000006269e+00
1.794999999999999929e+01	2.276120000000009469e+00	1.825330000000007002e+00	2.078010000000008795e+00	1.921710000000005580e+00
1.805000000000000071e+01	2.393580000000005814e+00	2.113470000000009286e+00	2.395200000000005769e+00	2.220420000000006500e+00
1.815000000000000213e+01	2.481520000000010384e+00	2.170460000000006051e+00	2.425340000000008711e+00	2.805540000000013912e+00
1.825000000000000000e+01	2.144600000000006279e+00	2.086780000000006741e+00	2.293740000000007662e+00	1.838520000000005483e+00
1.835000000000000142e+01	1.414300000000006774e+00	1.860110000000008146e+00	1.622320000000009532e+00	1.684240000000005066e+00
1.844999999999999929e+01	9.756200000000027073e-01	1.013840000000002739e+00	1.229630000000003776e+00	1.023570000000003866e+00
1.855000000000000071e+01	6.977900000000027969e-01	6.540100000000027558e-01	9.756100000000013095e-01	1.204320000000005164e+00
1.865000000000000213e+01	3.225000000000000644e-01	8.772400000000000198e-01	7.298200000000035770e-01	9.392400000000022953e-01
1.875000000000000000e+01	5.200600000000018541e-01	3.943200000000027239e-01	5.860500000000022913e-01	7.746100000000027963e-01
1.885000000000000142e+01	5.253000000000015435e-01	3.766200000000021753e-01	5.343500000000008798e-01	6.088400000000037116e-01
1.894999999999999929e+01	3.039300000000021984e-01	2.464699999999995228e-01	3.790799999999996395e-01	4.805499999999990890e-01
1.905000000000000071e+01	4.445899999999995966e-01	5.161300000000031973e-01	4.161600000000046928e-01	6.476200000000021939e-01
1.915000000000000213e+01	2.827200000000039681e-01	3.415300000000000002e-01	5.123700000000015464e-01	4.920400000000019758e-01
1.925000000000000000e+01	2.837399999999999922e-01	3.982100000000046713e-01	1.210699999999991089e-01	6.554700000000025506e-01
1.935000000000000142e+01	5.936100000000020804e-01	5.515899999999993586e-01	7.082700000000022866e-01	7.464000000000030610e-01
1.944999999999999929e+01	4.619999999999996332e-01	6.018400000000022620e-01	5.697100000000008269e-01	5.555900000000033589e-01
1.955000000000000071e+01	5.054300000000040427e-01	7.782700000000036811e-01	5.574800000000055267e-01	6.542000000000026683e-01
1.965000000000000213e+01	5.283699999999998953e-01	7.813200000000036782e-01	8.311600000000026744e-01	8.691400000000002457e-01
1.975000000000000000e+01	6.259300000000034281e-01	8.085199999999999054e-01	8.336000000000017840e-01	7.215300000000038905e-01
1.985000000000000142e+01	2.902499999999996194e-01	9.511300000000033616e-01	9.019700000000018258e-01	7.377600000000033020e-01
1.994999999999999929e+01	3.225900000000037626e-01	6.842000000000039162e-01	8.650100000000047196e-01	8.711800000000011757e-01
2.005000000000000071e+01	6.587700000000019651e-01	8.113700000000030332e-01	9.226900000000026747e-01	4.243600000000006811e-01
2.015000000000000213e+01	2.124699999999986877e-01	5.570700000000015084e-01	7.809500000000052511e-01	7.966900000000026738e-01
2.025000000000000000e+01	4.556600000000015638e-01	9.531700000000044026e-01	5.891999999999985027e-01	5.060999999999999943e-01
2.035000000000000142e+01	5.632500000000038032e-01	6.329899999999999416e-01	9.407500000000046381e-01	7.596100000000065577e-01
2.044999999999999929e+01	4.773700000000031252e-01	4.879100000000064496e-01	5.291400000000053838e-01	6.748499999999981735e-01
2.055000000000000071e+01	7.465899999999985326e-01	4.665200000000008229e-01	2.157499999999953344e-01	6.821700000000088249e-01
2.065000000000000213e+01	3.624800000000018563e-01	5.019599999999986295e-01	2.449500000000001954e-01	6.736800000000033872e-01
2.075000000000000000e+01	6.554400000000027982e-01	4.072299999999998699e-01	2.955600000000046523e-01	7.520200000000025753e-01
2.085000000000000142e+01	5.971200000000042030e-01	2.781400000000032735e-01	4.476199999999968537e-01	5.364399999999954760e-01
2.094999999999999929e+01	6.339999999999990088e-01	3.000700000000044443e-01	3.904600000000094107e-01	7.085100000000047471e-01
2.105000000000000071e+01	4.378000000000008551e-01	4.716999999999965665e-01	4.474699999999936506e-01	3.456200000000032579e-01
2.115000000000000213e+01	3.111200000000036159e-01	5.038099999999996470e-01	3.131100000000064387e-01	6.921299999999976915e-01
2.125000000000000000e+01	6.330900000000050376e-01	3.330400000000033889e-01	4.720299999999982843e-01	2.253000000000068559e-01
2.135000000000000142e+01	3.625599999999997158e-01	4.718300000000058558e-01	1.701700000000012092e-01	7.044699999999995965e-01
2.144999999999999929e+01	2.385199999999984832e-01	9.748999999999997668e-01	6.596700000000078612e-01	4.476399999999996493e-01
2.155000000000000071e+01	3.498600000000008370e-01	7.383000000000032870e-01	3.138599999999958090e-01	4.139700000000005042e-01
2.165000000000000213e+01	5.141900000000028115e-01	1.046550000000005420e+00	6.024700000000059452e-01	3.863500000000033574e-01
2.175000000000000000e+01	1.138000000000087379e-02	9.899400000000060373e-01	8.883000000000005336e-01	5.182200000000066753e-01
2.185000000000000142e+01	2.269200000000023698e-01	9.207599999999992457e-01	6.133800000000033670e-01	5.808499999999948704e-01
2.194999999999999929e+01	2.742399999999999283e-01	7.036000000000023347e-01	9.198400000000038768e-01	1.675300000000052025e-01
2.205000000000000071e+01	3.616200000000015513e-01	1.114410000000005230e+00	7.397999999999997911e-01	5.663600000000033052e-01
2.215000000000000213e+01	2.175900000000038359e-01	7.092999999999997085e-01	5.916900000000001603e-01	4.274400000000004307e-01
2.225000000000000000e+01	-6.442000000000747129e-02	1.047360000000003177e+00	7.956300000000054995e-01	4.382600000000029805e-01
2.235000000000000142e+01	2.532900000000024576e-01	7.943000000000061123e-01	5.908599999999996077e-01	2.885299999999989540e-01
2.244999999999999929e+01	3.973700000000071619e-01	3.045299999999972473e-01	5.318300000000083516e-01	5.926999999999992275e-01
2.255000000000000071e+01	5.916699999999973647e-01	4.652200000000056290e-01	4.374499999999963418e-01	2.711300000000003707e-01
2.265000000000000213e+01	2.593599999999983141e-01	2.646899999999972608e-01	2.371899999999990682e-01	5.263900000000029111e-01
2.275000000000000000e+01	4.828700000000036296e-01	3.761900000000042432e-01	4.997700000000033782e-01	5.014000000000002899e-01
2.285000000000000142e+01	4.644600000000059792e-01	7.182700000000011853e-01	2.783599999999984975e-01	5.821100000000022368e-01
2.294999999999999929e+01	5.851000000000027290e-01	3.449500000000073063e-01	2.919700000000091111e-01	4.113900000000040302e-01
2.305000000000000071e+01	4.810899999999946330e-01	5.926599999999936363e-01	7.008899999999964603e-01	4.478400000000009595e-01
2.315000000000000213e+01	3.453900000000066361e-01	3.946100000000032915e-01	1.353500000000012193e-01	7.605200000000005289e-01
2.325000000000000000e+01	5.243400000000005834e-01	3.432600000000020080e-01	6.024300000000003541e-01	4.419900000000092088e-01
2.335000000000000142e+01	5.502900000000041647e-01	6.267000000000000348e-01	4.362300000000034483e-01	4.357599999999999252e-01
2.344999999999999929e+01	5.856100000000029615e-01	6.590800000000053283e-01	5.574000000000032262e-01	5.536199999999988908e-01
2.355000000000000071e+01	6.121299999999973984e-01	8.743600000000060213e-01	2.822100000000037356e-01	4.639800000000010582e-01
2.365000000000000213e+01	8.736300000000016830e-01	4.442200000000011695e-01	4.923099999999998033e-01	6.878100000000066938e-01
2.375000000000000000e+01	5.768700000000068773e-01	7.685799999999992638e-01	2.431300000000033712e-01	7.628900000000031767e-01
2.385000000000000142e+01	8.031000000000017014e-01	7.786300000000007104e-01	4.889799999999961400e-01	6.674899999999995837e-01
2.394999999999999929e+01	5.241100000000039616e-01	8.523600000000038923e-01	3.303700000000032166e-01	4.750799999999982814e-01
2.405000000000000071e+01	7.110799999999998233e-01	4.326900000000060142e-01	6.694800000000024065e-01	6.103400000000047676e-01
2.415000000000000213e+01	6.727800000000019320e-01	7.870900000000019547e-01	9.282999999999963503e-02	5.363900000000062507e-01
2.425000000000000000e+01	8.635700000000077203e-01	8.212800000000026746e-01	5.050300000000014222e-01	6.568599999999970018e-01
2.435000000000000142e+01	6.939699999999973112e-01	5.115800000000021441e-01	5.974600000000073186e-01	7.379600000000001714e-01
2.444999999999999929e+01	6.808800000000061470e-01	7.236400000000057231e-01	7.342499999999966276e-01	9.412300000000095590e-01
2.455000000000000071e+01	6.960400000000024345e-01	9.668599999999950567e-01	8.041500000000063597e-01	5.815300000000011016e-01
2.465000000000000213e+01	8.142300000000031179e-01	8.374100000000103128e-01	6.891200000000032855e-01	6.895899999999979268e-01
2.475000000000000000e+01	8.484100000000024400e-01	7.961599999999996458e-01	9.198499999999963928e-01	5.984500000000035902e-01
2.485000000000000142e+01	8.816300000000008019e-01	7.562400000000062406e-01	1.123810000000004639e+00	6.754300000000081905e-01
2.494999999999999929e+01	8.474500000000014799e-01	6.810199999999990705e-01	8.347100000000059472e-01	6.626999999999961810e-01
2.505000000000000071e+01	7.701000000000074452e-01	7.421700000000024389e-01	1.182410000000006844e+00	7.446500000000026986e-01
2.515000000000000213e+01	8.562900000000025491e-01	1.079020000000005419e+00	1.187130000000000463e+00	5.459600000000027764e-01
2.525000000000000000e+01	8.550200000000026668e-01	6.803199999999989256e-01	1.571470000000007028e+00	7.245300000000057805e-01
2.535000000000000142e+01	6.507200000000002982e-01	8.781400000000014749e-01	1.123820000000006036e+00	5.688800000000002743e-01
2.544999999999999929e+01	5.750399999999997736e-01	7.706000000000062800e-01	1.311710000000006149e+00	1.115220000000002987e+00
2.555000000000000071e+01	3.369300000000053918e-01	7.032300000000039075e-01	9.737600000000002920e-01	7.163000000000011580e-01
2.565000000000000213e+01	4.735000000000172404e-02	8.373299999999991305e-01	8.030300000000007987e-01	9.704500000000083615e-01
2.575000000000000000e+01	2.334299999999975284e-01	6.203400000000081072e-01	8.375400000000018386e-01	9.105699999999959937e-01
2.585000000000000142e+01	2.804700000000003302e-01	7.336799999999968902e-01	1.100800000000003553e+00	6.499100000000025412e-01
2.594999999999999929e+01	1.230699999999989025e-01	8.925900000000052126e-01	8.425200000000051537e-01	9.178600000000113335e-01
2.605000000000000071e+01	-9.649999999998860878e-03	4.727399999999998270e-01	9.169600000000009965e-01	8.146299999999968566e-01
2.615000000000000213e+01	1.377499999999992064e-01	7.844200000000017825e-01	7.684300000000138242e-01	8.068900000000074346e-01
2.625000000000000000e+01	-1.373900000000021770e-01	1.096810000000005392e+00	7.756299999999988204e-01	7.115099999999977554e-01
2.635000000000000142e+01	4.174000000000003818e-01	6.939199999999992041e-01	9.583100000000078778e-01	6.762100000000017541e-01
2.644999999999999929e+01	2.536100000000027777e-01	1.076050000000016604e+00	7.261399999999998967e-01	5.323900000000066912e-01
2.655000000000000071e+01	1.002730000000008559e+00	1.105740000000001277e+00	1.993699999999883343e-01	4.691799999999995974e-01
2.665000000000000213e+01	1.068929999999998381e+00	1.161619999999996322e+00	2.001200000000132317e-01	3.716800000000044513e-01
2.675000000000000000e+01	8.704000000000031712e-01	1.210950000000008187e+00	4.073000000000007725e-01	5.317299999999943738e-01
2.685000000000000142e+01	9.349500000000021682e-01	8.458100000000031704e-01	2.218099999999986194e-01	5.591100000000024384e-01
2.694999999999999929e+01	1.170050000000011137e+00	1.210010000000001140e+00	3.719300000000038686e-01	4.324200000000126831e-01
2.705000000000000071e+01	8.401699999999964197e-01	1.139449999999996965e+00	1.737699999999981482e-01	6.277099999999991020e-01
2.715000000000000213e+01	9.745400000000027374e-01	1.200320000000005605e+00	4.494300000000011619e-01	3.160999999999891674e-01
2.725000000000000000e+01	1.011190000000009803e+00	1.114970000000003569e+00	3.416700000000018056e-01	4.194600000000129891e-01
2.735000000000000142e+01	7.743300000000036265e-01	6.450700000000099132e-01	5.032999999999195062e-02	4.206999999999909146e-01
2.744999999999999929e+01	7.586400000000041999e-01	5.326000000000005175e-01	3.202200000000143820e-01	5.710000000000035048e-01
2.755000000000000071e+01	7.674899999999978961e-01	5.745800000000065300e-01	-1.001400000000000345e-01	3.783699999999980967e-01
2.765000000000000213e+01	4.096600000000020225e-01	1.712299999999983835e-01	2.040300000000002112e-01	3.614900000000189073e-01
2.775000000000000000e+01	6.859699999999981923e-01	6.035800000000101084e-01	7.157999999998690410e-02	5.924199999999956168e-01
2.785000000000000142e+01	5.653100000000075287e-01	3.255899999999923300e-01	2.842500000000046656e-01	4.188300000000048651e-01
2.794999999999999929e+01	4.507099999999935602e-01	4.571600000000069497e-01	1.254300000000090343e-01	4.620100000000010310e-01
2.805000000000000071e+01	3.796900000000049680e-01	4.037600000000033384e-01	1.840699999999990677e-01	4.392900000000048433e-01
2.815000000000000213e+01	7.130800000000040439e-01	2.227599999999982094e-01	3.434000000000038133e-01	3.346799999999928166e-01
2.825000000000000000e+01	2.833700000000060060e-01	6.452200000000042346e-01	3.055700000000005634e-01	4.416499999999972115e-01
2.835000000000000142e+01	5.394399999999973661e-01	3.274799999999989386e-01	1.617399999999952487e-01	4.920000000000097073e-01
2.844999999999999929e+01	1.463400000000097678e-01	2.590399999999891123e-01	4.083600000000068286e-01	2.724899999999950695e-01
2.855000000000000071e+01	-1.018900000000048378e-01	3.630800000000013461e-01	5.582999999999691682e-02	4.564599999999979230e-01
2.865000000000000213e+01	1.694400000000057527e-01	2.495300000000009177e-01	5.890199999999999880e-01	4.203000000000416125e-02
2.875000000000000000e+01	-1.156300000000069772e-01	2.500700000000053436e-01	3.048300000000037091e-01	3.174600000000016298e-01
2.885000000000000142e+01	1.435599999999941923e-01	3.940800000000002634e-01	1.676099999999897394e-01	5.387400000000061029e-01
2.894999999999999929e+01	-1.766999999999902815e-01	1.421900000000069775e-01	4.182000000000145046e-01	4.766999999999316229e-02
2.905000000000000071e+01	2.662599999999857858e-01	3.395300000000046614e-01	3.104600000000001803e-01	3.327999999999964875e-01
2.915000000000000213e+01	-1.764699999999847779e-01	1.248799999999943289e-01	2.754700000000031013e-01	5.162700000000183254e-01
2.925000000000000000e+01	-1.207800000000074231e-01	5.440000000000130842e-02	2.774799999999909561e-01	1.700499999999933176e-01
2.935000000000000142e+01	3.458900000000054709e-01	1.884300000000045383e-01	6.854999999999858429e-02	2.558200000000008245e-01
2.944999999999999929e+01	-3.593999999999665518e-02	1.039999999999889208e-01	5.460900000000120658e-01	2.287800000000047851e-01
2.955000000000000071e+01	4.446499999999902197e-01	6.984900000000162645e-01	-1.341799999999975512e-01	2.021599999999963981e-01
2.965000000000000213e+01	2.177999999999976621e-01	2.197699999999976894e-01	1.961199999999869992e-01	-1.473000000000728935e-02
2.975000000000000000e+01	4.999400000000004951e-01	4.692200000000051885e-01	1.364600000000142643e-01	2.984500000000000486e-01
2.985000000000000142e+01	-6.955999999998876970e-02	2.403699999999995007e-01	1.303199999999909153e-01	3.721400000000065766e-01
2.994999999999999929e+01	3.612700000000059197e-01	4.335399999999915988e-01	-3.505999999999799555e-02	1.651299999999983614e-01
3.005000000000000071e+01	1.168399999999895911e-01	2.665400000000071601e-01	5.399000000000617194e-02	4.006000000000412703e-02
3.015000000000000213e+01	4.387200000000051059e-01	1.381800000000060202e-01	1.186799999999980926e-01	2.195400000000099494e-01
3.025000000000000000e+01	-1.141200000000001796e-01	5.641999999999944837e-01	-5.987000000001096306e-02	3.077399999999930191e-01
3.035000000000000142e+01	4.314699999999953572e-01	2.426200000000031387e-01	1.329000000000140347e-01	1.564400000000004676e-01
3.044999999999999929e+01	3.877000000000144220e-01	-8.898000000000326482e-02	2.233199999999876673e-01	2.722400000000045339e-01
3.055000000000000071e+01	3.474999999999907330e-02	3.407999999999956620e-01	4.649799999999987277e-01	1.912399999999976341e-01
3.065000000000000213e+01	1.719799999999877538e-01	6.294000000000488093e-02	4.313200000000010359e-01	1.441799999999920368e-01
3.075000000000000000e+01	3.970000000013143571e-03	9.479999999992860457e-03	7.530800000000175132e-01	4.218600000000109485e-01
3.085000000000000142e+01	4.268299999999862204e-01	2.554800000000065907e-01	2.247299999999982367e-01	5.900000000025350027e-04
3.094999999999999929e+01	7.051000000000609558e-02	2.291500000000120940e-01	5.435999999999926446e-01	1.968899999999969286e-01
3.105000000000000071e+01	2.143400000000113825e-01	3.044999999998420845e-02	5.110000000000010090e-01	2.656000000000001138e-01
3.115000000000000213e+01	1.271299999999979669e-01	8.633000000001475605e-02	5.691200000000071757e-01	2.269300000000037676e-01
3.125000000000000000e+01	5.252999999999748842e-02	2.934400000000014219e-01	4.999100000000051836e-01	1.565699999999919934e-01
3.135000000000000142e+01	2.424100000000004307e-01	-1.135200000000051307e-01	6.922699999999994969e-01	1.812000000000153210e-01
3.144999999999999929e+01	8.523000000000310883e-02	2.540999999999025288e-02	9.679999999999501503e-02	3.216499999999922754e-01
3.155000000000000071e+01	1.880199999999916383e-01	1.956700000000040351e-01	1.540900000000006154e-01	-1.559400000000016329e-01
3.165000000000000213e+01	4.507700000000108287e-01	-1.196200000000051528e-01	3.363000000000238715e-02	1.763200000000082202e-01
3.175000000000000000e+01	3.207299999999880247e-01	2.590000000000012848e-01	-9.328999999999287862e-02	-4.372000000000057784e-02
3.185000000000000142e+01	4.831300000000044448e-01	6.800000000062335608e-04	3.781000000000047517e-02	5.115999999999250314e-02
3.194999999999999929e+01	3.559399999999980913e-01	1.542900000000108074e-01	-2.706000000000062244e-01	3.194999999999847962e-02
3.204999999999999716e+01	1.849300000000126953e-01	-3.306000000000264977e-02	-1.727099999999920921e-01	-1.023599999999905974e-01
3.214999999999999858e+01	5.024699999999899802e-01	2.055799999999948224e-01	1.331499999999868067e-01	2.423000000000294710e-02
3.225000000000000000e+01	4.728900000000119119e-01	-9.309999999995743555e-03	-1.912399999999976341e-01	3.596999999999196673e-02
3.234999999999999432e+01	2.755900000000021111e-01	-8.409999999999615006e-02	-3.202100000000041025e-01	-4.744000000000542228e-02
3.244999999999999574e+01	3.425500000000004652e-01	1.997699999999909548e-01	1.692000000000077331e-01	-1.603800000000005499e-01
3.254999999999999716e+01	2.980799999999927397e-01	5.169399999999965134e-01	1.465199999999994007e-01	-3.726000000000353335e-02
3.264999999999999858e+01	4.007700000000028462e-01	-8.447999999999597498e-02	-1.716999999999308663e-02	1.865600000000007253e-01
3.275000000000000000e+01	1.773600000000114807e-01	4.327699999999994329e-01	1.632099999999964413e-01	1.720300000000036245e-01
3.284999999999999432e+01	1.755199999999851879e-01	8.368000000000848371e-02	2.186900000000066013e-01	-5.008999999999393105e-02
3.294999999999999574e+01	2.552600000000113667e-01	1.247399999999925235e-01	4.199999999983120881e-03	-2.527300000000041180e-01
3.304999999999999716e+01	4.438399999999924628e-01	2.871299999999986641e-01	-2.548999999998367155e-02	-1.190599999999979175e-01
3.314999999999999858e+01	-1.984999999999466358e-02	1.208100000000027346e-01	7.362999999999812750e-02	3.066000000000468004e-02
3.325000000000000000e+01	3.612500000000031242e-01	2.519799999999969842e-01	4.319999999999895104e-03	-7.112000000001142408e-02
3.334999999999999432e+01	2.691800000000031390e-01	9.773000000000954535e-02	2.138800000000003754e-01	7.587000000000924949e-02
3.344999999999999574e+01	1.887499999999959766e-01	1.330500000000083560e-01	-1.224100000000132166e-01	1.665599999999939629e-01
3.354999999999999716e+01	5.070000000007031556e-03	-1.398900000000052324e-01	1.912600000000004297e-01	5.717300000000078430e-01
3.364999999999999858e+01	1.789999999999920266e-01	1.654399999999972837e-01	-7.761999999999630306e-02	7.209600000000041531e-01
3.375000000000000000e+01	-1.315299999999912928e-01	9.197000000000377096e-02	3.244000000000480527e-02	4.339099999999989077e-01
3.384999999999999432e+01	1.838699999999888757e-01	1.038299999999918038e-01	1.874800000000049760e-01	6.658299999999984786e-01
3.394999999999999574e+01	-1.571500000000020103e-01	-2.215200000000024927e-01	-3.031100000000119254e-01	3.978099999999976100e-01
3.404999999999999716e+01	2.325300000000049550e-01	2.892100000000052407e-01	1.013700000000032075e-01	6.219500000000111051e-01
3.414999999999999858e+01	-2.176799999999986523e-01	7.020000000004270220e-03	-1.899399999999935584e-01	1.111000000000043619e-01
3.425000000000000000e+01	1.979000000000048776e-01	-1.541300000000062065e-01	5.236999999999288752e-02	6.066500000000040194e-01
3.434999999999999432e+01	-5.332000000001021339e-02	2.937000000001088046e-02	-1.789499999999939195e-01	1.135899999999882698e-01
3.444999999999999574e+01	-3.066999999999719603e-02	7.547999999999914500e-02	1.131099999999922306e-01	4.397499999999980869e-01
3.454999999999999716e+01	1.765600000000062397e-01	1.366499999999964132e-01	4.218400000000081529e-01	4.849100000000045596e-01
3.464999999999999858e+01	1.842300000000036686e-01	2.968399999999970507e-01	3.903899999999907444e-01	2.509900000000095943e-01
3.475000000000000000e+01	2.568199999999984939e-01	-3.854999999999733640e-02	1.551300000000038759e-01	1.599500000000025901e-01
3.484999999999999432e+01	3.308599999999917718e-01	2.915999999999929204e-01	3.674300000000143562e-01	3.830999999999931682e-01
3.494999999999999574e+01	1.962500000000140521e-01	5.479000000001141291e-02	2.047099999999886788e-01	2.801200000000046986e-01
3.504999999999999716e+01	1.770299999999919993e-01	3.254100000000026971e-01	4.798300000000050303e-01	2.495000000000056062e-01
3.514999999999999858e+01	2.788999999999940485e-02	3.646999999999080838e-02	4.648199999999941268e-01	2.911600000000024724e-01
3.525000000000000000e+01	2.240000000000116620e-01	1.427600000000067149e-01	2.686200000000136812e-01	1.917599999999992921e-01
3.534999999999999432e+01	3.863099999999888845e-01	4.224799999999910294e-01	2.686199999999959176e-01	4.406099999999939509e-01
3.544999999999999574e+01	1.097900000000077703e-01	3.750000000000155553e-03	4.345400000000070317e-01	-9.499999999995656016e-03
3.554999999999999716e+01	1.034600000000022446e-01	1.783800000000119457e-01	2.148999999999298000e-02	4.667599999999988425e-01
3.564999999999999858e+01	5.858999999999191244e-02	3.759599999999898579e-01	3.505799999999948957e-01	1.608500000000040731e-01
3.575000000000000000e+01	8.732000000000214590e-02	2.422500000000135933e-01	3.629200000000145088e-01	-1.360299999999985687e-01
3.584999999999999432e+01	2.869800000000043427e-01	1.959800000000029574e-01	3.288300000000011214e-01	6.993999999998859463e-02
3.594999999999999574e+01	7.680000000007707571e-03	4.219999999999949902e-01	2.231899999999961415e-01	2.920300000000086160e-01
3.604999999999999716e+01	1.898899999999954513e-01	2.745999999999969576e-01	-4.863999999999552709e-02	9.378999999999171333e-02
3.614999999999999858e+01	3.178000000000136271e-02	1.968800000000044126e-01	5.325199999999893352e-01	-5.941999999999246496e-02
3.625000000000000000e+01	1.548200000000049537e-01	3.926599999999971780e-01	3.131000000000139227e-01	1.199300000000040750e-01
3.634999999999999432e+01	1.315999999999211377e-02	1.938000000000002221e-01	-1.808999999999734085e-02	1.351799999999952206e-01
3.644999999999999574e+01	1.951000000000042978e-02	1.146500000000120895e-01	3.826399999999998691e-01	1.920000000001926893e-03
3.654999999999999716e+01	2.645199999999912621e-01	2.616100000000019521e-01	5.804999999998748661e-02	9.097999999999860365e-02
3.664999999999999858e+01	-9.782999999998799601e-02	8.354999999999919436e-02	9.121000000000410723e-02	2.588300000000041678e-01
3.675000000000000000e+01	3.441400000000006676e-01	8.897999999998550125e-02	1.606699999999966766e-01	4.063999999999638041e-02
3.684999999999999432e+01	2.390699999999954251e-01	9.274000000001370037e-02	1.487000000000021360e-01	1.248200000000037058e-01
3.694999999999999574e+01	-1.093499999999995587e-01	1.529500000000011406e-01	2.619600000000064655e-01	2.577299999999924651e-01
3.704999999999999716e+01	-1.545000000000135154e-02	-1.287400000000009648e-01	1.197200000000013670e-01	1.831600000000050688e-01
3.714999999999999858e+01	3.657899999999982277e-01	-5.199000000001082616e-02	8.364000000000289259e-02	1.078700000000058501e-01
3.725000000000000000e+01	8.270000000010243116e-03	2.261299999999985266e-01	-1.819300000000018958e-01	5.507999999998977603e-02
3.734999999999999432e+01	-1.222800000000039272e-01	9.494000000000146766e-02	5.311099999999965293e-01	7.502999999999841740e-02
3.744999999999999574e+01	2.218300000000014149e-01	3.384200000000004982e-01	1.597000000000120545e-01	2.724800000000025535e-01
3.754999999999999716e+01	1.829700000000051563e-01	3.953000000000997383e-02	1.689199999999863588e-01	-4.675999999999919110e-02
3.764999999999999858e+01	8.908999999999199504e-02	2.204199999999908455e-01	3.217200000000109417e-01	2.332800000000120888e-01
3.775000000000000000e+01	1.530800000000104300e-01	1.376899999999997015e-01	-4.000000000008455125e-03	1.948099999999904075e-01
3.784999999999999432e+01	4.088699999999981793e-01	3.676400000000170643e-01	3.627299999999968327e-01	5.257000000000307954e-02
3.794999999999999574e+01	-5.031000000000691863e-02	-3.582000000001540896e-02	3.892000000000464532e-02	1.044399999999971324e-01
3.804999999999999716e+01	2.389600000000066948e-01	3.513300000000020296e-01	-6.041999999999014132e-02	-1.953099999999892422e-01
3.814999999999999858e+01	2.259999999996162214e-03	1.641400000000109716e-01	2.635399999999963883e-01	9.261999999999692701e-02
3.825000000000000000e+01	2.531600000000020501e-01	1.927500000000044456e-01	2.372500000000074549e-01	1.535000000000513558e-02
3.834999999999999432e+01	7.524000000000112542e-02	3.740999999999785469e-02	6.102999999999546982e-02	1.504499999999891757e-01
3.844999999999999574e+01	2.198100000000032805e-01	5.185200000000041998e-01	1.776600000000001234e-01	8.847000000001191411e-02
3.854999999999999716e+01	-1.711900000000105559e-01	3.830799999999903727e-01	-1.611999999999730662e-02	1.298699999999901877e-01
3.864999999999999858e+01	8.155000000000385552e-02	5.827300000000000813e-01	8.846000000000163455e-02	3.467000000000032278e-01
3.875000000000000000e+01	2.775399999999993428e-01	6.415400000000049952e-01	-9.930999999999946815e-02	4.424200000000071409e-01
3.884999999999999432e+01	-5.027999999999384351e-02	7.755700000000081973e-01	1.960300000000010645e-01	1.274599999999996847e-01
3.894999999999999574e+01	2.915999999999929204e-01	6.061300000000023891e-01	1.031499999999855588e-01	3.742199999999953342e-01
3.904999999999999716e+01	-1.665000000000033398e-01	6.509499999999969200e-01	1.498400000000016108e-01	5.292000000000759291e-02
3.914999999999999858e+01	1.058000000000451288e-02	6.176100000000084300e-01	-1.485999999999881582e-01	3.035399999999920939e-01
3.925000000000000000e+01	3.761800000000028454e-01	6.092999999999925143e-01	1.951899999999902324e-01	2.862600000000102840e-01
3.934999999999999432e+01	-1.997899999999937504e-01	4.214300000000130164e-01	-2.194899999999940787e-01	1.846899999999969122e-01
3.944999999999999574e+01	1.842399999999961846e-01	5.594799999999919837e-01	1.325999999999898649e-01	3.759999999999776715e-02
3.954999999999999716e+01	4.103999999999900089e-02	9.612000000000654742e-02	2.977400000000162694e-01	9.596999999999446251e-02
3.964999999999999858e+01	2.554499999999935156e-01	3.631900000000078399e-01	9.695999999999961594e-02	2.772700000000060117e-01
3.975000000000000000e+01	6.095000000000205115e-02	2.073799999999977606e-01	1.691299999999890669e-01	1.771800000000040842e-01
3.984999999999999432e+01	1.190900000000109926e-01	2.478599999999895331e-01	-2.196999999998901915e-02	1.711800000000002764e-01
3.994999999999999574e+01	4.462299999999979616e-01	1.735700000000057197e-01	1.535599999999887055e-01	2.085800000000056220e-01
4.004999999999999716e+01	1.050799999999977724e-01	9.626000000000835277e-02	3.067500000000056293e-01	2.530099999999899651e-01
4.014999999999999858e+01	1.212999999999912933e-02	3.001599999999992607e-01	-7.645000000000151674e-02	-1.872999999999798090e-02
4.025000000000000000e+01	3.139400000000069912e-01	2.287399999999991940e-01	-7.602999999999608682e-02	2.210900000000045607e-01
4.034999999999999432e+01	-1.102400000000084979e-01	2.153500000000015957e-01	1.929600000000071536e-01	-1.262999999999974143e-01
4.044999999999999574e+01	1.495200000000101725e-01	2.298899999999911847e-01	2.098999999999947297e-01	2.998299999999975429e-01
4.054999999999999716e+01	4.539299999999906743e-01	-4.761999999999505517e-02	2.053699999999921144e-01	1.359000000000070429e-01
4.064999999999999858e+01	2.087600000000130185e-01	3.750100000000080591e-01	5.039100000000136248e-01	7.350999999999911771e-02
4.075000000000000000e+01	-2.644600000000006390e-01	1.962499999999962885e-01	3.119799999999994800e-01	3.892699999999940652e-01
4.084999999999999432e+01	5.639999999989007105e-03	2.436499999999961197e-01	2.276400000000053103e-01	1.239099999999919710e-01
4.094999999999999574e+01	1.386600000000020594e-01	1.197699999999994741e-01	4.348800000000012655e-01	1.483500000000153862e-01
4.104999999999999716e+01	1.803999999999923026e-02	1.478299999999959924e-01	7.425999999998848800e-02	6.210699999999946819e-01
4.114999999999999858e+01	4.125000000000170891e-02	-4.059999999999079102e-03	5.329200000000097193e-01	-6.539999999990465766e-03
4.125000000000000000e+01	5.627000000000512842e-02	2.119500000000059392e-01	8.765999999999637970e-02	2.709999999996891111e-03
4.134999999999999432e+01	-5.876999999999930890e-02	1.950399999999959111e-01	6.864200000000078017e-01	3.303099999999948300e-01
4.144999999999999574e+01	-7.032999999999869911e-02	2.971600000000062525e-01	3.534200000000011221e-01	4.893000000000941735e-02
4.154999999999999716e+01	1.621199999999950736e-01	2.197800000000079690e-01	9.734899999999980791e-01	2.391999999999869508e-01
4.164999999999999858e+01	2.178999999999938625e-02	-8.383000000000280505e-02	9.850100000000097111e-01	7.984000000000462949e-02
4.175000000000000000e+01	7.393000000000453376e-02	4.748999999999997668e-01	6.762399999999881839e-01	-6.522000000000384434e-02
4.184999999999999432e+01	3.078200000000042014e-01	3.334500000000074071e-01	7.274800000000095634e-01	1.841999999999905865e-02
4.194999999999999574e+01	-1.621000000000100486e-02	2.263599999999862666e-01	8.803200000000042102e-01	5.505000000001222804e-02
4.204999999999999716e+01	2.422799999999911413e-01	1.310199999999999421e-01	8.193700000000021522e-01	1.129999999989199323e-03
4.214999999999999858e+01	9.952000000000217617e-02	3.286300000000086929e-01	1.034799999999997278e+00	4.063000000000386441e-02
4.225000000000000000e+01	8.715000000000502900e-02	2.854299999999919679e-01	7.672200000000045650e-01	-5.803000000000245462e-02
4.234999999999999432e+01	-3.966000000000149961e-02	8.753000000000485392e-02	5.127599999999983282e-01	3.557000000000710982e-02
4.244999999999999574e+01	1.891000000000004899e-01	2.055999999999976180e-01	5.456600000000141337e-01	-2.252000000000372801e-02
4.254999999999999716e+01	3.905299999999925498e-01	2.451500000000103874e-01	-7.678000000000323455e-02	1.444799999999984430e-01
4.264999999999999858e+01	-1.389999999990015325e-03	2.694999999999945772e-01	4.958100000000005281e-01	2.122199999999992703e-01
4.275000000000000000e+01	-3.562999999999773293e-02	2.242200000000068860e-01	2.537000000000242533e-02	3.110799999999980248e-01
4.284999999999999432e+01	1.848999999999996133e-02	2.816600000000067938e-01	9.914999999999486724e-02	-6.508000000000203900e-02
4.294999999999999574e+01	2.444000000000032535e-01	-2.930000000009879563e-03	1.215700000000023845e-01	1.506100000000115402e-01
4.304999999999999716e+01	-1.730000000000237598e-02	2.278000000000099112e-01	2.800200000000084843e-01	2.049799999999997735e-01
4.314999999999999858e+01	9.268999999999782968e-02	2.559199999999970387e-01	1.262999999999796577e-02	1.608599999999965890e-01
4.325000000000000000e+01	4.116999999999052667e-02	2.072999999999332668e-02	3.302000000000060997e-01	-7.422999999999317644e-02
4.334999999999999432e+01	2.859800000000066733e-01	4.290699999999973424e-01	-7.672000000001261144e-02	3.757699999999899454e-01
4.344999999999999574e+01	1.721599999999951502e-01	-2.910999999999230176e-02	4.837000000000041822e-01	1.793900000000021311e-01
4.354999999999999716e+01	6.878000000000408787e-02	-6.244999999999856222e-02	3.581800000000092132e-01	3.135000000000343068e-02
4.364999999999999858e+01	1.229700000000026744e-01	4.236300000000007837e-01	6.302599999999913827e-01	3.728999999999884490e-02
4.375000000000000000e+01	1.834900000000067866e-01	-2.178999999999938764e-01	7.016900000000017013e-01	2.504900000000107596e-01
4.384999999999999432e+01	2.512499999999926459e-01	3.428299999999863124e-01	6.955600000000063954e-01	-7.780000000003922667e-03
4.394999999999999574e+01	2.797400000000048736e-01	7.867000000000984317e-02	6.379100000000037518e-01	-5.188999999999684837e-02
4.404999999999999716e+01	2.303799999999975034e-01	6.072999999998906356e-02	5.581300000000075645e-01	1.773099999999956100e-01
4.414999999999999858e+01	1.256700000000070538e-01	1.003700000000055381e-01	7.744400000000012385e-01	-1.308300000000000296e-01
4.425000000000000000e+01	-1.820999999999635063e-02	-5.299999999994772434e-03	4.529099999999902093e-01	1.870000000000266935e-02
4.434999999999999432e+01	4.754799999999920201e-01	1.608199999999909979e-01	6.634400000000107989e-01	1.870300000000042484e-01
4.444999999999999574e+01	1.810000000000051290e-01	2.366500000000124060e-01	2.724300000000044464e-01	-4.645000000000026885e-02
4.454999999999999716e+01	1.913599999999966439e-01	1.029199999999978188e-01	4.693400000000041983e-01	5.608999999999773195e-02
4.464999999999999858e+01	2.629699999999966509e-01	4.334000000000075292e-02	1.400599999999845857e-01	1.589099999999993296e-01
4.475000000000000000e+01	-1.243999999999805157e-02	-9.835999999999990584e-02	-1.737200000000000411e-01	1.894500000000050033e-01
4.484999999999999432e+01	3.696000000000068120e-01	1.924099999999924482e-01	1.917100000000011850e-01	3.633999999999927843e-01
4.494999999999999574e+01	2.551800000000001845e-01	1.725099999999996636e-01	3.702000000000551377e-02	7.040000000007065779e-03
4.504999999999999716e+01	1.803000000000671427e-02	8.487999999999859546e-02	-8.945999999999930397e-02	2.102899999999870706e-01
4.514999999999999858e+01	3.315799999999858305e-01	9.466000000001562054e-02	2.840499999999944736e-01	3.064400000000067070e-01
4.525000000000000000e+01	-3.232999999999831148e-02	5.713999999999350848e-02	-1.786999999998434979e-02	1.762000000000092104e-01
4.534999999999999432e+01	3.667000000000099624e-01	-7.977999999999624281e-02	-3.828000000000400527e-02	-1.007900000000109542e-01
4.544999999999999574e+01	-4.065000000000665997e-02	4.645500000000007956e-01	-8.793000000000748828e-02	2.711599999999956823e-01
4.554999999999999716e+01	4.223700000000022992e-01	5.058900000000061681e-01	4.371500000000076991e-01	2.038700000000133739e-01
4.564999999999999858e+01	1.007400000000128470e-01	4.283399999999930041e-01	1.266599999999944437e-01	2.643099999999885541e-01
4.575000000000000000e+01	4.693899999999845418e-01	3.039200000000096824e-01	2.462099999999987077e-01	1.446600000000058672e-01
4.584999999999999432e+01	7.008000000000816354e-02	6.322599999999867215e-01	1.269700000000111295e-01	-8.589999999999906044e-02
4.594999999999999574e+01	2.238000000000014700e-01	3.570500000000022545e-01	1.403099999999928849e-01	8.219999999999701157e-02
4.604999999999999716e+01	3.176400000000090262e-01	3.380800000000062644e-01	-6.320000000000569607e-02	4.932000000000175827e-02
4.614999999999999858e+01	1.056399999999872302e-01	2.154600000000080895e-01	3.823200000000084309e-01	1.498400000000016108e-01
4.625000000000000000e+01	2.137399999999985700e-01	2.020999999999880115e-01	1.360099999999957732e-01	6.726999999999729030e-02
4.634999999999999432e+01	1.301899999999993895e-01	3.755400000000022054e-01	2.361300000000107757e-01	2.710300000000041565e-01
4.644999999999999574e+01	5.628200000000147529e-01	1.905800000000119621e-01	1.816499999999982851e-01	2.446899999999993802e-01
4.654999999999999716e+01	1.965099999999971037e-01	-1.848000000000744533e-02	2.182599999999909057e-01	2.007000000000765463e-02
4.664999999999999858e+01	4.167999999999964511e-01	2.384600000000078601e-01	1.876400000000095769e-01	5.615599999999985048e-01
4.675000000000000000e+01	3.297200000000100606e-01	3.916199999999939174e-01	4.647100000000053965e-01	2.257000000000183512e-02
4.684999999999999432e+01	3.340899999999902836e-01	1.217300000000069854e-01	2.782799999999961971e-01	2.575399999999925527e-01
4.694999999999999574e+01	4.530200000000144667e-01	1.103299999999944325e-01	2.585900000000061483e-01	3.240700000000107939e-01
4.704999999999999716e+01	5.254499999999869830e-01	1.836899999999992428e-01	2.594099999999964212e-01	-8.720000000010972446e-03
4.714999999999999858e+01	2.816000000000161707e-01	1.230400000000035771e-01	2.637499999999990963e-01	2.807900000000006502e-01
4.725000000000000000e+01	2.812699999999966893e-01	1.506200000000040562e-01	3.676500000000095802e-01	1.822700000000138931e-01
4.734999999999999432e+01	5.631200000000033956e-01	2.011899999999940403e-01	2.577399999999849811e-01	9.862000000000072097e-02
4.744999999999999574e+01	2.934999999999920450e-01	1.560800000000034382e-01	-4.356999999998849293e-02	2.448899999999918087e-01
4.754999999999999716e+01	3.279100000000146342e-01	1.018999999999973538e-01	3.808300000000044427e-01	3.991900000000129234e-01
4.764999999999999858e+01	2.942599999999916949e-01	1.329000000000140312e-02	3.614799999999908642e-01	3.192799999999895721e-01
4.775000000000000000e+01	2.913700000000051804e-01	3.173699999999979315e-01	2.497400000000036258e-01	4.627000000001063595e-02
4.784999999999999432e+01	3.757199999999918383e-01	1.745299999999977980e-01	3.716700000000030535e-01	1.442799999999882510e-01
4.794999999999999574e+01	1.206600000000084133e-01	1.006900000000147399e-01	1.132899999999996271e-01	2.158600000000107100e-01
4.804999999999999716e+01	4.436600000000028299e-01	7.227999999999594472e-02	3.455499999999934735e-01	1.760999999999952326e-01
4.814999999999999858e+01	2.601100000000054480e-01	1.524099999999967148e-01	-9.665000000000069369e-02	1.850899999999995327e-01
4.825000000000000000e+01	4.710499999999856469e-01	2.600600000000073408e-01	3.597900000000122112e-01	1.900999999999981593e-01
4.834999999999999432e+01	2.085600000000028265e-01	4.329000000000264581e-02	1.916299999999900028e-01	2.467000000000050264e-01
4.844999999999999574e+01	3.408899999999993602e-01	-8.014000000001104962e-02	1.998600000000124166e-01	1.589800000000002322e-01
4.854999999999999716e+01	1.684000000000024921e-01	3.341100000000108428e-01	1.081699999999944928e-01	3.960700000000030863e-01
4.864999999999999858e+01	-6.703999999999178672e-02	1.113999999999930185e-01	2.795399999999946816e-01	8.632000000000447648e-02
4.875000000000000000e+01	2.986399999999999610e-01	3.840400000000002145e-01	2.782700000000036811e-01	2.651499999999993862e-01
4.884999999999999432e+01	4.477100000000094338e-01	4.611000000000603505e-02	2.345700000000058849e-01	7.986999999999994104e-02
4.894999999999999574e+01	1.128999999999895226e-01	1.919700000000020002e-01	3.316500000000044968e-01	9.677999999999221947e-02
4.904999999999999716e+01	1.681899999999997841e-01	-3.626000000000586393e-02	3.187099999999898348e-01	1.077500000000068403e-01
4.914999999999999858e+01	3.410700000000067567e-01	2.157399999999939366e-01	-1.078999999998945733e-02	1.979700000000057802e-01
4.925000000000000000e+01	2.521100000000062735e-01	1.367700000000132143e-01	2.915999999999929204e-01	6.046999999998824843e-02
4.934999999999999432e+01	1.494399999999989903e-01	1.721699999999876662e-01	1.688100000000153922e-01	2.646000000000379646e-02
4.944999999999999574e+01	2.334999999999895492e-01	3.016300000000182169e-01	2.655699999999870387e-01	1.979099999999973936e-01
4.954999999999999716e+01	3.766599999999988846e-01	1.490999999999869929e-01	4.511100000000050625e-01	7.713000000000774792e-02
4.964999999999999858e+01	-3.986999999998644406e-02	5.183100000000014917e-01	2.080400000000011962e-01	2.596199999999991292e-01
4.975000000000000000e+01	2.526299999999901402e-01	2.665100000000118485e-01	4.431500000000114792e-01	4.747399999999951659e-01
4.984999999999999432e+01	3.378700000000035564e-01	3.537500000000028400e-01	3.659099999999972375e-01	1.218500000000059952e-01
4.994999999999999574e+01	1.923700000000046206e-01	4.133199999999895846e-01	5.342299999999885474e-01	2.821600000000056285e-01
5.004999999999999716e+01	-4.792000000000146837e-02	2.415700000000073622e-01	3.216300000000072434e-01	8.953999999999272263e-02
5.014999999999999858e+01	5.012400000000045708e-01	4.193199999999934202e-01	4.523400000000082355e-01	1.962600000000065681e-01
5.025000000000000000e+01	1.996899999999975361e-01	7.512000000000211564e-02	4.808300000000026997e-01	2.877299999999937130e-01
5.034999999999999432e+01	-5.326999999999434271e-02	2.081100000000020989e-01	1.382999999999872665e-01	4.198999999999856320e-02
5.044999999999999574e+01	3.345700000000040863e-01	5.172699999999982312e-01	3.822100000000019371e-01	2.363300000000032042e-01
5.054999999999999716e+01	3.302699999999892388e-01	1.818700000000112726e-01	4.798400000000153098e-01	2.894099999999976691e-01
5.064999999999999858e+01	3.529000000000349913e-02	7.559999999999815479e-02	5.611199999999902932e-01	4.103400000000171355e-01
5.075000000000000000e+01	3.376899999999961599e-01	3.806299999999942507e-01	1.156800000000050843e-01	2.655599999999945227e-01
5.084999999999999432e+01	2.420200000000080898e-01	3.131600000000045458e-01	3.979900000000050064e-01	1.978800000000020820e-01
5.094999999999999574e+01	-6.351000000000461831e-02	1.373599999999979837e-01	1.463500000000022838e-01	3.237899999999894196e-01
5.104999999999999716e+01	3.310100000000038567e-01	3.554100000000039450e-01	2.622399999999923126e-01	2.380000000000145888e-01
5.114999999999999858e+01	2.130599999999923388e-01	2.177299999999967595e-01	1.469200000000020212e-01	3.200499999999995016e-01
5.125000000000000000e+01	1.593000000000094341e-01	1.728300000000088654e-01	4.916700000000079895e-01	1.562799999999958667e-01
5.134999999999999432e+01	2.464900000000023184e-01	2.637299999999963007e-01	1.961299999999972787e-01	2.715199999999927116e-01
5.144999999999999574e+01	3.267799999999899119e-01	2.686300000000061972e-01	2.013400000000061252e-01	2.957300000000106510e-01
5.154999999999999716e+01	6.447100000000128839e-01	2.887199999999988664e-01	3.454799999999925708e-01	-1.867000000000735779e-02
5.164999999999999858e+01	8.395799999999938867e-01	2.304099999999928150e-01	2.647100000000089381e-01	3.013200000000015311e-01
5.175000000000000000e+01	4.127000000000095037e-01	6.132000000000936007e-02	2.647699999999995613e-01	4.155200000000129346e-01
5.184999999999999432e+01	6.884999999999965592e-01	2.555300000000046978e-01	2.278499999999902548e-01	2.050899999999885037e-01
5.194999999999999574e+01	6.596800000000003772e-01	1.819499999999869277e-01	1.357600000000052376e-01	5.881000000000490002e-02
5.204999999999999716e+01	6.385800000000174670e-01	1.592000000000132198e-01	1.918400000000104744e-01	2.526400000000004198e-01
5.214999999999999858e+01	8.132000000000012552e-01	2.551800000000001845e-01	1.628599999999919279e-01	2.811900000000032707e-01
5.225000000000000000e+01	5.492399999999995064e-01	-2.346000000001077779e-02	3.688299999999968826e-01	1.931300000000042705e-01
5.234999999999999432e+01	4.834600000000061626e-01	8.728000000001431835e-02	1.701800000000026070e-01	2.194399999999959716e-01
5.244999999999999574e+01	5.751100000000006762e-01	3.913099999999949952e-01	2.360900000000051846e-01	2.168700000000008954e-01
5.254999999999999716e+01	2.277699999999968361e-01	3.288200000000086054e-01	2.937200000000050326e-01	3.981899999999974349e-01
5.264999999999999858e+01	5.292500000000029958e-01	3.066999999999897586e-01	2.849499999999959288e-01	4.059000000000004826e-01
5.275000000000000000e+01	3.813100000000004819e-01	2.084200000000010211e-01	4.070199999999971618e-01	5.134100000000092479e-01
5.284999999999999432e+01	5.104199999999909920e-01	4.264700000000069546e-01	3.290800000000094205e-01	3.967699999999943494e-01
5.294999999999999574e+01	3.266000000000002790e-01	3.347699999999965148e-01	2.539200000000016999e-01	3.950600000000129008e-01
5.304999999999999716e+01	5.208500000000012564e-01	1.861800000000009003e-01	2.795500000000049612e-01	4.706299999999979944e-01
5.314999999999999858e+01	1.487000000000021360e-01	4.271499999999954222e-01	2.664199999999903867e-01	2.527399999999966340e-01
5.325000000000000000e+01	7.984500000000089859e-01	2.620200000000148521e-01	1.759600000000111908e-01	3.838299999999975065e-01
5.334999999999999432e+01	-7.642000000000620519e-02	2.954199999999939652e-01	1.333699999999997943e-01	6.834100000000045139e-01
5.344999999999999574e+01	3.543300000000128569e-01	6.944000000000752348e-02	4.036599999999893607e-01	3.223600000000115817e-01
5.354999999999999716e+01	4.518399999999916372e-01	5.048399999999926280e-01	1.463600000000125634e-01	2.618899999999877992e-01
5.364999999999999858e+01	1.286499999999972665e-01	1.143599999999981992e-01	3.776399999999937585e-01	5.425100000000090406e-01
5.375000000000000000e+01	3.985100000000066922e-01	3.338800000000053392e-01	5.198099999999979959e-01	5.133999999999989683e-01
5.384999999999999432e+01	3.913000000000024792e-01	2.433800000000027886e-01	2.770400000000005081e-01	4.696799999999984321e-01
5.394999999999999574e+01	4.668700000000053363e-01	1.305000000000338355e-02	4.853999999999931286e-02	4.496800000000094610e-01
5.404999999999999716e+01	2.966299999999943426e-01	3.268499999999908145e-01	2.332000000000009066e-01	4.912299999999997779e-01
5.414999999999999858e+01	2.931900000000108863e-01	2.223799999999983568e-01	3.353500000000065318e-01	3.708299999999922214e-01
5.425000000000000000e+01	5.175999999998755902e-02	2.956300000000144368e-01	3.429900000000086768e-01	7.010900000000066523e-01
5.434999999999999432e+01	4.690400000000155556e-01	2.778900000000038562e-01	6.869000000000038963e-02	2.773999999999975374e-01
5.444999999999999574e+01	2.953299999999902670e-01	1.601399999999847390e-01	4.569599999999967577e-01	6.580000000001386129e-02
5.454999999999999716e+01	3.806000000000877431e-02	1.460500000000136411e-01	4.773999999999939958e-01	4.553099999999881686e-01
5.464999999999999858e+01	6.094399999999944306e-01	2.041999999999973281e-01	-5.019999999991160873e-03	9.498000000000705878e-02
5.475000000000000000e+01	4.580100000000102978e-01	2.201200000000022028e-01	2.659300000000018316e-01	1.356600000000090234e-01
5.484999999999999432e+01	9.026999999999706092e-02	2.773499999999994303e-01	3.884699999999888242e-01	2.903199999999916403e-01
5.494999999999999574e+01	5.005100000000002325e-01	5.062399999999929179e-01	3.155100000000043980e-01	2.001600000000010593e-01
5.504999999999999716e+01	4.149499999999954336e-01	1.787400000000089750e-01	3.335000000000055143e-01	3.678200000000066971e-01
5.514999999999999858e+01	3.159300000000098141e-01	1.893699999999938210e-01	3.189700000000084135e-01	1.050000000000043537e-01
5.525000000000000000e+01	1.930699999999958838e-01	1.705500000000099159e-01	3.232899999999905849e-01	2.227299999999851343e-01
5.534999999999999432e+01	1.210700000000035498e-01	3.057300000000051643e-01	3.121300000000115649e-01	2.278200000000127068e-01
5.544999999999999574e+01	4.637600000000058342e-01	2.102399999999889635e-01	-6.685000000000963782e-02	3.942499999999973803e-01
5.554999999999999716e+01	4.020699999999891583e-01	3.713000000000135081e-01	5.252500000000123181e-01	2.572900000000020171e-01
5.564999999999999858e+01	2.870200000000099338e-01	1.990699999999996639e-01	3.173199999999998244e-01	6.155099999999991134e-01
5.575000000000000000e+01	2.138000000000069567e-01	3.989399999999868607e-01	1.973600000000004517e-01	3.317999999999988181e-01
5.584999999999999432e+01	5.047899999999945209e-01	3.890600000000091208e-01	4.616699999999890336e-01	4.440800000000082459e-01
5.594999999999999574e+01	2.259899999999967213e-01	3.131199999999989547e-01	2.989300000000138513e-01	3.445600000000060836e-01
5.604999999999999716e+01	1.989799999999959657e-01	1.431099999999934647e-01	2.261599999999938382e-01	5.019699999999911455e-01
5.614999999999999858e+01	4.131100000000046402e-01	6.047900000000104859e-01	3.143400000000096117e-01	4.752200000000089686e-01
5.625000000000000000e+01	1.704400000000034221e-01	-1.536600000000026833e-01	3.327899999999862080e-01	4.020399999999938467e-01
5.634999999999999432e+01	3.865200000000093561e-01	2.650900000000087631e-01	2.021900000000094733e-01	3.306599999999993433e-01
5.644999999999999574e+01	2.057299999999891438e-01	2.644999999999884666e-01	3.968099999999999405e-01	5.353300000000001946e-01
5.654999999999999716e+01	2.946800000000148745e-01	4.488000000000108014e-01	3.074299999999940969e-01	5.105000000000377292e-02
5.664999999999999858e+01	4.827099999999990287e-01	2.540899999999988168e-01	5.935500000000025755e-01	4.866400000000065673e-01
5.675000000000000000e+01	4.824399999999879340e-01	1.633200000000029350e-01	3.674700000000021838e-01	1.978800000000020820e-01
5.684999999999999432e+01	1.776500000000076074e-01	3.732100000000051487e-01	2.461600000000006006e-01	2.837800000000011424e-01
5.694999999999999574e+01	4.721900000000028852e-01	4.150299999999888523e-01	4.285600000000059917e-01	4.078400000000051984e-01
5.704999999999999716e+01	3.723699999999943167e-01	2.682700000000091678e-01	4.003499999999974301e-01	3.631899999999900763e-01
5.714999999999999858e+01	3.030600000000138183e-01	2.579699999999905402e-01	3.915600000000032943e-01	1.593700000000103367e-01
5.725000000000000000e+01	4.239199999999969104e-01	2.725400000000109402e-01	1.385900000000011567e-01	2.846100000000016950e-01
5.734999999999999432e+01	4.718000000000460714e-02	4.785500000000037502e-01	6.597000000001097819e-02	3.926300000000018664e-01
5.744999999999999574e+01	6.139799999999895341e-01	1.778500000000000358e-01	4.711499999999996247e-01	4.359599999999923536e-01
5.754999999999999716e+01	9.628000000001114833e-02	7.314700000000077251e-01	5.345399999999874696e-01	2.000800000000076406e-01
5.764999999999999858e+01	5.913600000000073242e-01	7.850500000000010248e-01	2.313600000000101686e-01	5.012099999999914957e-01
5.775000000000000000e+01	2.525899999999845491e-01	4.148499999999992194e-01	3.956900000000032613e-01	3.069200000000027462e-01
5.784999999999999432e+01	1.660800000000156873e-01	8.684600000000162190e-01	2.854500000000125270e-01	4.592700000000087823e-01
5.794999999999999574e+01	3.400599999999988077e-01	4.658299999999843122e-01	2.422699999999986253e-01	2.193499999999922734e-01
5.804999999999999716e+01	4.508699999999892793e-01	6.081199999999874484e-01	3.826199999999970736e-01	3.021800000000151587e-01
5.814999999999999858e+01	2.702300000000166791e-01	8.537300000000088707e-01	1.878100000000066938e-01	5.301799999999997626e-01
5.825000000000000000e+01	1.037999999999964923e-01	6.208499999999994579e-01	3.561699999999858313e-01	1.367799999999879668e-01
5.834999999999999432e+01	1.274999999999875122e-01	5.082600000000088158e-01	6.574700000000200939e-01	3.793900000000163253e-01
5.844999999999999574e+01	6.963900000000069479e-01	3.204099999999965864e-01	2.646499999999827879e-01	4.828899999999886616e-01
5.854999999999999716e+01	2.193100000000044458e-01	4.484400000000137720e-01	8.533100000000034546e-01	4.585600000000072396e-01
5.864999999999999858e+01	3.514099999999954482e-01	4.977399999999949642e-01	7.997100000000074704e-01	2.287199999999963984e-01
5.875000000000000000e+01	1.678400000000130066e-01	4.284600000000097775e-01	9.380300000000152405e-01	2.840800000000075487e-01
5.884999999999999432e+01	3.865499999999869041e-01	1.533099999999981700e-01	6.027399999999992763e-01	5.200299999999932199e-01
5.894999999999999574e+01	4.093900000000175732e-01	4.751699999999930979e-01	7.336099999999871057e-01	2.049300000000016664e-01
5.904999999999999716e+01	3.416399999999887305e-01	3.989299999999943447e-01	7.507700000000054885e-01	4.139200000000023971e-01
5.914999999999999858e+01	4.947800000000075471e-01	2.965700000000037195e-01	7.451199999999884582e-01	1.674099999999973110e-01
5.925000000000000000e+01	2.507199999999984996e-01	3.879400000000302051e-01	7.632900000000146790e-01	5.879300000000163839e-01
5.934999999999999432e+01	3.101200000000059465e-01	3.377599999999970626e-01	4.829700000000176074e-01	3.535499999999926479e-01
5.944999999999999574e+01	1.884599999999998499e-01	5.713199999999949430e-01	4.498199999999757392e-01	2.825100000000101419e-01
5.954999999999999716e+01	5.396799999999953856e-01	3.401699999999875379e-01	5.625700000000242174e-01	5.373299999999955334e-01
5.964999999999999858e+01	3.948899999999980204e-01	4.938600000000210599e-01	4.159599999999856190e-01	4.495999999999982788e-01
5.975000000000000000e+01	3.435700000000009302e-01	3.188999999999719837e-01	5.082200000000032247e-01	5.042300000000050630e-01
5.984999999999999432e+01	4.779600000000012172e-01	5.609200000000333919e-01	5.522600000000130738e-01	5.312000000000002276e-01
5.994999999999999574e+01	4.366800000000041759e-01	3.323999999999938670e-01	4.699300000000067312e-01	4.118100000000005645e-01
