1.505000000000000071e+01	-2.099470000000008607e+00	-1.955490000000006612e+00	-1.910020000000008045e+00	-1.958600000000006114e+00
1.514999999999999858e+01	-1.951840000000007125e+00	-1.895340000000005354e+00	-2.108710000000007856e+00	-1.865840000000007493e+00
1.525000000000000000e+01	-2.037790000000006430e+00	-1.779660000000006903e+00	-1.915420000000005674e+00	-1.762710000000004662e+00
1.535000000000000142e+01	-1.805510000000006610e+00	-1.814100000000007151e+00	-1.683730000000005944e+00	-1.714740000000007258e+00
1.544999999999999929e+01	-1.790490000000006576e+00	-1.559520000000005346e+00	-1.663390000000006141e+00	-1.328110000000003676e+00
1.555000000000000071e+01	-1.619490000000005869e+00	-1.425650000000004525e+00	-1.625390000000005664e+00	-1.388850000000005247e+00
1.564999999999999858e+01	-1.357810000000004624e+00	-1.389060000000005290e+00	-1.402870000000005390e+00	-1.337350000000005146e+00
1.575000000000000000e+01	-1.296260000000004853e+00	-1.117900000000003891e+00	-1.072590000000003707e+00	-1.083050000000003621e+00
1.585000000000000142e+01	-9.243400000000031591e-01	-1.086140000000003658e+00	-1.013510000000003242e+00	-1.165060000000004203e+00
1.594999999999999929e+01	-9.659900000000033460e-01	-7.607500000000027018e-01	-6.947600000000025977e-01	-1.042060000000003539e+00
1.605000000000000071e+01	-5.323700000000020083e-01	-8.893000000000031990e-01	-8.402100000000030100e-01	-6.963800000000024415e-01
1.615000000000000213e+01	-4.781500000000016848e-01	-4.336000000000014842e-01	-4.554500000000016313e-01	-6.428300000000023440e-01
1.625000000000000000e+01	-3.940800000000013736e-01	-2.641500000000009396e-01	-3.195300000000010909e-01	-2.736500000000010036e-01
1.635000000000000142e+01	8.718000000000031280e-02	-1.273400000000004528e-01	-1.699000000000006061e-01	-2.537500000000009193e-01
1.644999999999999929e+01	1.081000000000003902e-01	2.048100000000007137e-01	2.038500000000007251e-01	3.141800000000011250e-01
1.655000000000000071e+01	7.272300000000025966e-01	4.386800000000016242e-01	4.052400000000014324e-01	5.391100000000019765e-01
1.665000000000000213e+01	7.308400000000027097e-01	6.974300000000023259e-01	7.406500000000028061e-01	8.237400000000028033e-01
1.675000000000000000e+01	1.044530000000003289e+00	8.817200000000031679e-01	8.285100000000027443e-01	1.019230000000003411e+00
1.685000000000000142e+01	1.078600000000004000e+00	1.058940000000003989e+00	1.187960000000004346e+00	1.120270000000004318e+00
1.694999999999999929e+01	1.483230000000005155e+00	1.205060000000004239e+00	1.183830000000004379e+00	1.328290000000004412e+00
1.705000000000000071e+01	1.264450000000004737e+00	1.282380000000004738e+00	1.368210000000005033e+00	1.268690000000004536e+00
1.715000000000000213e+01	1.449470000000005587e+00	1.579390000000004957e+00	1.367210000000004699e+00	1.359380000000004918e+00
1.725000000000000000e+01	1.400230000000004971e+00	1.253860000000004415e+00	1.469490000000005292e+00	1.232630000000004555e+00
1.735000000000000142e+01	1.308660000000003931e+00	1.514350000000006302e+00	1.323810000000004372e+00	1.410270000000005242e+00
1.744999999999999929e+01	1.445950000000005398e+00	1.520290000000005026e+00	1.416730000000004486e+00	1.341110000000003355e+00
1.755000000000000071e+01	1.450460000000005190e+00	1.421520000000005668e+00	1.393640000000005319e+00	1.319750000000006418e+00
1.765000000000000213e+01	1.537350000000005101e+00	1.515970000000005147e+00	1.511250000000004867e+00	1.434310000000003749e+00
1.775000000000000000e+01	1.792660000000005693e+00	1.468460000000005428e+00	1.623180000000005396e+00	1.638610000000006117e+00
1.785000000000000142e+01	1.797680000000007938e+00	1.820990000000004327e+00	1.736590000000006295e+00	1.730290000000007211e+00
1.794999999999999929e+01	2.230620000000006709e+00	1.993400000000007832e+00	1.929500000000008653e+00	1.878360000000005581e+00
1.805000000000000071e+01	2.433600000000008645e+00	2.229200000000010284e+00	2.307670000000007438e+00	2.222140000000009330e+00
1.815000000000000213e+01	2.522450000000011627e+00	2.439020000000007293e+00	2.374370000000007419e+00	2.386190000000007583e+00
1.825000000000000000e+01	1.936460000000004511e+00	1.959230000000007577e+00	2.116310000000008795e+00	2.069380000000008213e+00
1.835000000000000142e+01	1.130020000000002245e+00	1.372610000000005659e+00	1.233490000000005971e+00	2.045730000000006044e+00
1.844999999999999929e+01	5.598800000000034860e-01	8.910000000000005693e-01	6.496999999999998332e-01	1.782240000000008040e+00
1.855000000000000071e+01	4.977700000000035985e-01	3.860200000000016396e-01	6.551100000000010803e-01	1.646050000000004676e+00
1.865000000000000213e+01	5.435400000000020215e-01	6.375300000000039269e-01	5.227300000000020264e-01	1.223930000000006402e+00
1.875000000000000000e+01	5.380000000000003668e-01	5.306199999999990924e-01	5.713100000000024270e-01	1.118400000000003391e+00
1.885000000000000142e+01	5.580600000000022209e-01	4.026600000000050139e-01	5.978000000000015524e-01	9.002600000000026137e-01
1.894999999999999929e+01	6.175000000000019362e-01	5.407799999999981511e-01	5.048700000000057031e-01	7.605300000000019267e-01
1.905000000000000071e+01	5.833700000000007213e-01	4.653100000000048864e-01	4.905299999999996330e-01	7.851100000000005297e-01
1.915000000000000213e+01	5.397300000000023745e-01	5.711299999999994714e-01	5.364699999999996693e-01	6.970500000000059426e-01
1.925000000000000000e+01	3.602300000000026592e-01	4.424300000000040978e-01	3.679700000000054594e-01	8.508699999999999042e-01
1.935000000000000142e+01	4.949700000000030187e-01	7.802600000000020630e-01	4.966400000000010806e-01	7.604400000000026694e-01
1.944999999999999929e+01	5.003900000000012227e-01	6.910300000000038079e-01	5.653499999999997971e-01	6.596500000000050656e-01
1.955000000000000071e+01	3.933000000000022589e-01	6.458700000000018315e-01	5.139800000000045443e-01	7.260600000000020371e-01
1.965000000000000213e+01	6.473399999999985832e-01	8.120700000000031782e-01	4.348699999999998678e-01	6.409600000000038600e-01
1.975000000000000000e+01	5.337900000000025402e-01	7.999200000000012967e-01	5.229700000000000459e-01	7.456600000000017658e-01
1.985000000000000142e+01	5.627200000000052160e-01	7.729200000000019388e-01	5.040000000000040004e-01	7.150500000000040712e-01
1.994999999999999929e+01	5.706900000000001416e-01	6.432300000000014117e-01	4.125100000000007094e-01	7.336799999999968902e-01
2.005000000000000071e+01	6.210200000000010156e-01	8.127700000000033231e-01	4.017100000000010107e-01	5.219600000000054196e-01
2.015000000000000213e+01	4.759100000000032749e-01	5.461600000000040867e-01	3.123600000000037458e-01	6.725099999999997191e-01
2.025000000000000000e+01	6.011100000000023647e-01	5.594399999999997153e-01	3.834400000000007247e-01	5.123700000000059873e-01
2.035000000000000142e+01	6.530000000000036886e-01	4.489300000000023272e-01	4.327299999999982827e-01	3.776099999999984469e-01
2.044999999999999929e+01	6.153700000000017489e-01	1.514200000000004154e-01	4.030500000000017957e-01	3.810399999999982690e-01
2.055000000000000071e+01	5.882499999999989404e-01	2.014900000000004465e-01	4.595200000000037588e-01	3.175900000000020373e-01
2.065000000000000213e+01	5.185600000000009091e-01	2.153999999999997028e-01	3.688499999999996781e-01	2.337200000000025368e-01
2.075000000000000000e+01	6.487700000000030665e-01	7.189000000000358992e-02	5.089800000000028746e-01	2.985699999999990584e-01
2.085000000000000142e+01	6.044200000000031769e-01	2.635800000000019794e-01	5.379200000000025073e-01	3.018900000000012684e-01
2.094999999999999929e+01	5.853500000000021464e-01	2.844100000000003847e-01	5.081500000000023221e-01	3.501500000000058455e-01
2.105000000000000071e+01	6.848500000000015131e-01	2.672000000000017139e-01	3.859999999999988440e-01	4.154899999999998594e-01
2.115000000000000213e+01	5.335400000000075638e-01	5.032500000000013074e-01	4.328400000000003356e-01	3.566000000000015269e-01
2.125000000000000000e+01	5.857900000000014762e-01	2.429800000000001681e-01	4.301600000000076474e-01	3.196699999999996766e-01
2.135000000000000142e+01	5.536599999999956001e-01	7.093300000000039018e-01	4.012899999999955947e-01	4.747200000000012521e-01
2.144999999999999929e+01	1.960100000000071507e-01	5.094999999999956231e-01	4.798900000000045352e-01	4.870400000000003060e-01
2.155000000000000071e+01	9.440999999999843961e-02	7.324700000000053945e-01	4.257300000000012186e-01	3.804900000000013272e-01
2.165000000000000213e+01	9.183000000000196561e-02	6.255800000000033556e-01	5.107700000000043872e-01	5.026000000000081513e-01
2.175000000000000000e+01	6.574999999999799061e-02	7.818700000000006201e-01	5.664399999999967239e-01	4.646599999999984076e-01
2.185000000000000142e+01	-4.970000000001934676e-03	6.915400000000040404e-01	5.388400000000023171e-01	5.594599999999980700e-01
2.194999999999999929e+01	2.450000000000516001e-02	6.204800000000010307e-01	4.600600000000037437e-01	4.072800000000068588e-01
2.205000000000000071e+01	1.648699999999975463e-01	8.420000000000035234e-01	5.909199999999991126e-01	5.581500000000014783e-01
2.215000000000000213e+01	3.713000000000312578e-02	6.915300000000026426e-01	5.352000000000086688e-01	3.971199999999988628e-01
2.225000000000000000e+01	-2.873000000000135515e-02	8.231500000000064876e-01	5.927200000000020230e-01	5.696200000000060104e-01
2.235000000000000142e+01	5.034999999999474618e-02	5.314399999999982471e-01	3.885600000000014043e-01	3.182900000000021823e-01
2.244999999999999929e+01	3.371100000000039065e-01	5.340200000000036029e-01	6.056200000000021566e-01	4.206299999999988937e-01
2.255000000000000071e+01	4.680100000000048110e-01	4.512100000000012767e-01	6.129699999999993487e-01	2.823800000000008525e-01
2.265000000000000213e+01	3.486199999999962662e-01	3.704199999999970849e-01	4.106300000000043804e-01	5.210500000000025667e-01
2.275000000000000000e+01	5.402500000000040048e-01	3.321100000000066221e-01	6.834600000000026210e-01	4.940099999999976177e-01
2.285000000000000142e+01	4.525400000000006639e-01	5.769299999999975004e-01	5.096899999999955355e-01	4.302800000000066571e-01
2.294999999999999929e+01	5.100200000000061351e-01	4.207100000000011941e-01	4.887200000000042066e-01	5.794500000000034623e-01
2.305000000000000071e+01	5.115399999999965530e-01	3.862900000000038525e-01	5.761400000000025390e-01	3.953500000000001458e-01
2.315000000000000213e+01	4.536699999999987409e-01	4.945400000000006457e-01	4.870500000000017038e-01	5.162499999999977662e-01
2.325000000000000000e+01	5.477200000000090885e-01	4.334100000000000730e-01	4.999799999999972044e-01	5.503400000000022718e-01
2.335000000000000142e+01	5.616799999999975146e-01	5.388500000000037149e-01	4.535400000000072152e-01	5.182899999999986962e-01
2.344999999999999929e+01	4.145400000000002971e-01	5.772400000000053044e-01	6.172899999999992282e-01	5.406800000000019368e-01
2.355000000000000071e+01	7.061100000000067878e-01	6.841299999999985726e-01	2.965900000000065151e-01	6.532000000000094397e-01
2.365000000000000213e+01	6.693899999999987083e-01	7.805700000000054262e-01	6.426099999999946855e-01	7.779400000000019633e-01
2.375000000000000000e+01	5.430000000000064775e-01	7.118600000000022687e-01	5.538700000000071899e-01	6.849300000000038136e-01
2.385000000000000142e+01	7.101899999999997659e-01	8.041400000000049619e-01	5.614899999999976021e-01	6.104199999999981863e-01
2.394999999999999929e+01	5.803300000000021219e-01	7.686999999999982736e-01	4.435000000000071108e-01	4.986500000000066990e-01
2.405000000000000071e+01	6.678600000000068926e-01	8.534400000000038622e-01	7.046599999999995090e-01	6.756599999999959305e-01
2.415000000000000213e+01	7.260499999999961984e-01	7.407600000000007512e-01	4.870800000000058971e-01	5.740900000000002112e-01
2.425000000000000000e+01	6.467300000000021365e-01	8.900600000000067347e-01	6.101999999999940805e-01	6.081700000000033191e-01
2.435000000000000142e+01	6.714800000000066271e-01	8.464199999999996171e-01	5.466300000000076098e-01	6.007900000000020446e-01
2.444999999999999929e+01	7.236200000000029275e-01	5.345000000000085238e-01	6.521699999999986952e-01	8.830000000000057803e-01
2.455000000000000071e+01	5.250299999999993306e-01	9.476099999999954004e-01	7.271300000000050501e-01	7.273399999999988763e-01
2.465000000000000213e+01	6.840800000000004655e-01	6.848300000000075993e-01	7.238499999999995493e-01	8.109300000000037034e-01
2.475000000000000000e+01	6.079900000000048044e-01	8.057000000000009710e-01	7.677500000000075930e-01	8.214800000000039848e-01
2.485000000000000142e+01	6.638900000000026447e-01	6.899700000000066336e-01	9.858699999999966934e-01	7.094400000000015138e-01
2.494999999999999929e+01	5.548899999999987731e-01	8.279699999999963200e-01	8.693200000000032013e-01	8.111000000000097021e-01
2.505000000000000071e+01	5.757100000000046069e-01	7.024200000000060395e-01	1.098120000000010865e+00	7.928299999999960379e-01
2.515000000000000213e+01	5.614200000000055812e-01	8.842100000000061577e-01	1.209929999999998840e+00	7.229300000000041804e-01
2.525000000000000000e+01	5.229500000000016913e-01	7.128000000000004333e-01	1.294110000000006311e+00	7.364900000000078606e-01
2.535000000000000142e+01	6.064500000000027091e-01	7.507400000000012952e-01	1.026730000000005916e+00	6.667599999999952454e-01
2.544999999999999929e+01	6.101900000000015645e-01	6.123100000000047949e-01	9.922800000000044918e-01	8.507900000000064855e-01
2.555000000000000071e+01	6.967900000000006866e-01	7.923999999999981059e-01	8.211600000000036648e-01	6.143800000000010364e-01
2.565000000000000213e+01	5.664300000000042079e-01	5.661800000000047906e-01	7.923899999999967081e-01	8.052800000000044367e-01
2.575000000000000000e+01	7.088999999999970880e-01	5.862699999999975153e-01	8.213300000000096635e-01	7.680099999999995264e-01
2.585000000000000142e+01	5.981500000000060657e-01	6.026800000000086532e-01	8.299800000000020495e-01	6.334300000000081532e-01
2.594999999999999929e+01	6.352099999999993862e-01	6.732099999999998641e-01	8.228999999999981885e-01	8.120799999999956942e-01
2.605000000000000071e+01	4.978500000000014580e-01	5.546299999999979580e-01	9.707700000000086815e-01	7.026200000000073498e-01
2.615000000000000213e+01	5.929400000000061288e-01	4.716500000000073411e-01	6.697300000000018239e-01	7.203300000000049108e-01
2.625000000000000000e+01	3.825900000000017620e-01	7.080099999999970306e-01	8.671999999999999709e-01	7.247600000000024023e-01
2.635000000000000142e+01	5.864300000000021162e-01	6.115800000000093384e-01	9.589900000000052271e-01	5.613499999999957968e-01
2.644999999999999929e+01	5.001099999999976120e-01	6.183300000000024887e-01	5.282900000000020357e-01	5.090300000000009817e-01
2.655000000000000071e+01	6.250399999999989298e-01	6.300999999999956636e-01	4.231300000000019490e-01	3.995700000000038665e-01
2.665000000000000213e+01	4.916800000000093873e-01	5.445000000000029816e-01	3.329000000000015835e-01	3.851599999999968937e-01
2.675000000000000000e+01	5.801799999999989188e-01	6.406500000000049377e-01	4.425600000000000644e-01	3.702200000000046565e-01
2.685000000000000142e+01	5.311400000000007227e-01	3.992400000000021487e-01	4.699999999999987521e-01	2.831600000000032979e-01
2.694999999999999929e+01	6.416800000000068005e-01	4.868500000000003936e-01	2.850700000000038203e-01	4.109800000000000120e-01
2.705000000000000071e+01	3.689200000000005808e-01	5.747600000000050446e-01	3.383800000000037889e-01	3.935599999999986331e-01
2.715000000000000213e+01	5.211899999999954902e-01	4.363500000000024581e-01	3.639999999999967151e-01	4.053400000000110248e-01
2.725000000000000000e+01	5.792000000000040449e-01	4.907399999999934592e-01	2.283700000000007668e-01	3.460299999999895126e-01
2.735000000000000142e+01	2.324500000000026545e-01	3.022400000000057818e-01	1.665700000000042424e-01	3.577200000000159696e-01
2.744999999999999929e+01	4.473900000000002319e-01	4.491900000000031423e-01	5.677600000000035951e-01	6.444599999999868212e-01
2.755000000000000071e+01	4.461799999999998545e-01	3.640500000000037040e-01	4.721099999999917030e-01	4.882300000000067697e-01
2.765000000000000213e+01	2.047600000000045495e-01	3.644800000000016360e-01	6.990400000000132064e-01	6.026300000000105461e-01
2.775000000000000000e+01	3.564399999999969260e-01	3.683899999999886710e-01	6.000399999999949108e-01	6.603299999999935332e-01
2.785000000000000142e+01	2.685100000000071874e-01	3.127800000000047209e-01	6.562700000000122325e-01	5.815600000000052949e-01
2.794999999999999929e+01	3.371299999999978203e-01	3.862700000000010570e-01	6.817099999999978177e-01	5.338700000000092816e-01
2.805000000000000071e+01	1.898700000000015375e-01	2.626599999999977286e-01	6.876800000000062862e-01	6.753200000000016967e-01
2.815000000000000213e+01	4.145999999999998020e-01	2.750600000000079648e-01	7.696299999999950403e-01	6.772999999999942400e-01
2.825000000000000000e+01	2.503100000000033631e-01	3.299799999999931122e-01	7.064300000000071078e-01	5.984600000000049880e-01
2.835000000000000142e+01	2.457200000000012430e-01	3.976300000000079771e-01	5.711499999999978261e-01	5.506600000000025918e-01
2.844999999999999929e+01	5.073999999999596888e-02	2.319300000000099060e-01	3.619199999999990758e-01	4.475199999999917577e-01
2.855000000000000071e+01	-1.337399999999982214e-01	1.612699999999917255e-01	1.142199999999963939e-01	3.013800000000099177e-01
2.865000000000000213e+01	-7.386999999999614708e-02	3.146100000000029429e-01	1.234800000000118025e-01	2.012299999999996314e-01
2.875000000000000000e+01	4.292999999999673466e-02	2.130099999999942317e-01	8.163999999998979018e-02	7.101000000000493029e-02
2.885000000000000142e+01	-4.367000000000247073e-02	3.330900000000103778e-01	5.473000000000302623e-02	3.300199999999987033e-01
2.894999999999999929e+01	-1.372500000000003717e-01	1.550800000000057688e-01	1.293599999999988370e-01	1.773999999999993082e-01
2.905000000000000071e+01	-4.970000000001934676e-03	2.909499999999997644e-01	1.232300000000035034e-01	2.372800000000027665e-01
2.915000000000000213e+01	-4.757999999999834584e-02	2.460699999999968746e-01	9.166999999999735083e-02	3.507399999999994966e-01
2.925000000000000000e+01	-6.314999999999870717e-02	1.367000000000122978e-02	8.549000000000392396e-02	3.185399999999927179e-01
2.935000000000000142e+01	8.586000000000235111e-02	2.884300000000027397e-01	-9.479000000000714632e-02	2.245700000000113994e-01
2.944999999999999929e+01	1.617699999999994420e-01	2.020499999999899043e-01	3.003700000000019688e-01	2.928499999999988890e-01
2.955000000000000071e+01	3.232099999999971662e-01	4.576300000000104728e-01	-5.469999999998995110e-02	1.046999999999979475e-01
2.965000000000000213e+01	5.197500000000073728e-01	1.683300000000015895e-01	1.771499999999910091e-01	-3.337000000000157202e-02
2.975000000000000000e+01	4.438799999999980539e-01	3.257799999999922425e-01	1.435000000000035691e-01	-4.189999999999486496e-02
2.985000000000000142e+01	3.398099999999993903e-01	1.938400000000058132e-01	9.584999999999545273e-02	1.115199999999920283e-01
2.994999999999999929e+01	4.784900000000042453e-01	1.271900000000063535e-01	3.581000000000512939e-02	4.929000000000644671e-02
3.005000000000000071e+01	3.873000000000029197e-01	3.147099999999991571e-01	1.862600000000120826e-01	4.129999999999981602e-02
3.015000000000000213e+01	5.003799999999998249e-01	-3.674000000000190308e-02	7.116999999999176763e-02	-2.307999999999318930e-02
3.025000000000000000e+01	2.890299999999977887e-01	2.586099999999911803e-01	1.910799999999930332e-01	1.396299999999866537e-01
3.035000000000000142e+01	3.117100000000061488e-01	2.267300000000113391e-01	1.873900000000012778e-01	8.188000000000557332e-02
3.044999999999999929e+01	3.760699999999963516e-01	-4.677000000000947066e-02	1.549400000000039634e-01	2.174499999999931488e-01
3.055000000000000071e+01	4.292700000000075344e-01	1.547099999999984599e-01	4.794400000000126894e-01	1.964000000000083734e-01
3.065000000000000213e+01	3.247400000000067455e-01	5.978999999999978082e-02	3.085099999999851850e-01	1.992399999999968085e-01
3.075000000000000000e+01	2.851499999999883572e-01	3.502000000001016800e-02	5.299900000000176137e-01	2.950000000000063127e-01
3.085000000000000142e+01	4.686000000000073440e-01	1.501500000000005330e-01	3.390499999999908587e-01	1.407599999999936125e-01
3.094999999999999929e+01	3.734599999999956843e-01	4.491999999999068266e-02	4.309400000000012110e-01	2.194200000000109396e-01
3.105000000000000071e+01	2.862800000000130796e-01	3.669000000000379597e-02	4.384500000000117748e-01	2.931899999999931228e-01
3.115000000000000213e+01	3.765899999999979819e-01	1.027999999999988090e-01	3.894799999999967732e-01	1.495099999999998930e-01
3.125000000000000000e+01	3.813399999999957934e-01	9.247000000000260567e-02	2.727900000000014757e-01	2.412400000000056444e-01
3.135000000000000142e+01	2.351200000000028267e-01	-1.005900000000007621e-01	4.829200000000017368e-01	1.697300000000018794e-01
3.144999999999999929e+01	2.579099999999999171e-01	1.518599999999997452e-01	1.840499999999962721e-01	2.164800000000085545e-01
3.155000000000000071e+01	1.772899999999928145e-01	7.258000000000235097e-02	1.147300000000055081e-01	-5.650000000017050238e-03
3.165000000000000213e+01	2.411700000000047417e-01	-3.785999999999858229e-02	7.090999999999095249e-02	-2.286999999999047781e-02
3.175000000000000000e+01	1.624100000000089639e-01	8.236999999999412847e-02	5.808000000000056173e-02	6.064999999999564489e-02
3.185000000000000142e+01	2.006100000000017869e-01	-1.094000000000154224e-02	-2.836999999999544400e-02	1.557400000000092044e-01
3.194999999999999929e+01	1.836400000000011357e-01	-7.187000000000079436e-02	3.246000000000760083e-02	-6.956999999999904927e-02
3.204999999999999716e+01	1.599199999999895150e-01	-1.808999999999734085e-02	-1.465900000000003034e-01	1.809999999998985684e-02
3.214999999999999858e+01	1.799300000000065569e-01	1.583000000000117646e-02	1.167300000000008608e-01	9.415000000000650626e-02
3.225000000000000000e+01	2.333499999999952279e-01	-7.239999999999495103e-03	-7.478000000000788183e-02	-1.026300000000016921e-01
3.234999999999999432e+01	1.399100000000080279e-01	-4.939000000000266094e-02	-5.516000000000095826e-02	7.581000000000086281e-02
3.244999999999999574e+01	2.967899999999989435e-01	-6.140999999999529474e-02	1.294200000000072237e-01	-3.849999999996370215e-03
3.254999999999999716e+01	3.659000000000758174e-02	2.794600000000012630e-01	1.032199999999864615e-01	8.599999999994199090e-03
3.264999999999999858e+01	1.988199999999913647e-01	1.069400000000090695e-01	4.690000000007204899e-03	1.048199999999969573e-01
3.275000000000000000e+01	1.138599999999993645e-01	2.736599999999899113e-01	2.610300000000096987e-01	1.455400000000045269e-01
3.284999999999999432e+01	1.503100000000051339e-01	7.016000000000158221e-02	1.725199999999921796e-01	-4.317999999999615202e-02
3.294999999999999574e+01	5.290999999999731335e-02	1.924000000000709865e-02	7.258000000000235097e-02	1.167999999999840000e-02
3.304999999999999716e+01	2.389100000000085877e-01	1.341599999999947557e-01	1.217899999999976085e-01	-2.454999999999438534e-02
3.314999999999999858e+01	4.395999999999860436e-02	1.999400000000058353e-01	1.249199999999999200e-01	7.805999999998675110e-02
3.325000000000000000e+01	1.342299999999956583e-01	9.243999999998953054e-02	7.996999999999615527e-02	-1.176199999999920365e-01
3.334999999999999432e+01	7.187999999999331036e-02	1.321900000000124920e-01	9.377999999999919734e-02	1.213899999999949880e-01
3.344999999999999574e+01	2.544000000000332801e-02	3.840999999999553105e-02	9.861000000000820498e-02	3.137000000000622624e-02
3.354999999999999716e+01	-3.451000000000105372e-02	1.708000000000714849e-02	8.376999999999441837e-02	2.696199999999935870e-01
3.364999999999999858e+01	2.541200000000118919e-01	2.256399999999922079e-01	3.993000000001259431e-02	3.603500000000016690e-01
3.375000000000000000e+01	-9.110000000003315099e-03	2.400100000000024714e-01	1.860499999999916110e-01	1.250800000000045209e-01
3.384999999999999432e+01	1.577999999999951664e-01	9.095999999999580810e-02	6.788000000000261880e-02	3.149999999999952838e-01
3.394999999999999574e+01	-8.103999999999474124e-02	5.518999999999626982e-02	3.209999999999280096e-02	1.643100000000080885e-01
3.404999999999999716e+01	2.085499999999925469e-01	1.794100000000049266e-01	5.868000000001337424e-02	1.999000000000002442e-01
3.414999999999999858e+01	-1.079899999999870963e-01	1.375000000001241202e-02	2.087999999998764802e-02	-5.425999999999950307e-02
3.425000000000000000e+01	1.576899999999886726e-01	1.789999999992637108e-03	1.146899999999999170e-01	2.510500000000002174e-01
3.434999999999999432e+01	1.487000000000909469e-02	3.333899999999990205e-01	-9.677999999999221947e-02	1.383500000000031371e-01
3.444999999999999574e+01	2.765799999999895009e-01	8.440000000000255631e-02	3.091799999999989002e-01	3.701399999999934742e-01
3.454999999999999716e+01	2.923300000000150223e-01	-4.129999999999981776e-03	3.925300000000056522e-01	4.554500000000077375e-01
3.464999999999999858e+01	3.287999999999880463e-01	3.034199999999930841e-01	3.498899999999961485e-01	3.834299999999948860e-01
3.475000000000000000e+01	4.834699999999986786e-01	1.231999999999904179e-02	3.738000000000076817e-01	4.101800000000125346e-01
3.484999999999999432e+01	3.539300000000102364e-01	1.283000000000105167e-01	3.833099999999958762e-01	5.737100000000003863e-01
3.494999999999999574e+01	3.569700000000088358e-01	1.430700000000056371e-01	2.811400000000051635e-01	3.784199999999962039e-01
3.504999999999999716e+01	3.772799999999967291e-01	1.883299999999905605e-01	3.219099999999930906e-01	4.823799999999973109e-01
3.514999999999999858e+01	3.236199999999923027e-01	-1.694999999999785914e-02	2.146899999999981323e-01	4.514100000000114687e-01
3.525000000000000000e+01	2.722400000000045339e-01	1.210500000000007542e-01	3.075200000000155587e-01	4.053099999999979497e-01
3.534999999999999432e+01	3.573000000000105536e-01	1.977499999999927927e-01	2.502400000000024605e-01	5.847599999999907316e-01
3.544999999999999574e+01	1.891099999999930059e-01	1.071100000000061864e-01	3.271999999999953279e-01	6.626000000000710488e-02
3.554999999999999716e+01	1.513699999999934265e-01	1.608300000000012775e-01	1.954699999999938431e-01	3.530699999999966088e-01
3.564999999999999858e+01	4.156000000000063116e-02	3.467200000000060234e-01	4.546700000000052921e-01	1.960600000000141396e-01
3.575000000000000000e+01	1.461399999999995758e-01	2.641200000000064052e-01	4.627200000000025737e-01	6.849999999989388882e-03
3.584999999999999432e+01	1.491100000000150361e-01	1.921899999999972242e-01	3.846099999999999519e-01	1.027500000000007019e-01
3.594999999999999574e+01	8.449999999999877054e-02	3.927799999999961877e-01	2.533299999999991670e-01	2.053200000000117709e-01
3.604999999999999716e+01	1.773700000000039967e-01	3.106099999999945016e-01	2.996300000000051145e-01	1.353599999999848535e-01
3.614999999999999858e+01	1.330599999999831085e-01	1.134500000000042280e-01	4.742300000000038152e-01	1.913400000000116119e-01
3.625000000000000000e+01	1.134800000000173031e-01	3.116100000000099346e-01	3.280599999999911920e-01	1.689700000000022295e-01
3.634999999999999432e+01	-5.912000000000382227e-02	1.438999999999884261e-01	3.513200000000095136e-01	2.784000000000129774e-02
3.644999999999999574e+01	7.844000000000433959e-02	3.134999999999987796e-01	2.257200000000033902e-01	2.225999999999935808e-01
3.654999999999999716e+01	2.578999999999896375e-01	1.339000000000117041e-01	1.715600000000001013e-01	2.940000000002395558e-03
3.664999999999999858e+01	-3.128999999999504400e-02	1.183400000000038588e-01	1.292699999999951388e-01	1.635199999999953635e-01
3.675000000000000000e+01	1.704400000000034221e-01	7.576999999999527169e-02	6.256000000000505601e-02	1.757300000000056595e-01
3.684999999999999432e+01	1.478599999999913039e-01	1.418699999999977757e-01	1.709299999999919772e-01	1.281700000000012274e-01
3.694999999999999574e+01	-9.339999999991055110e-03	1.445200000000040341e-01	2.233999999999988495e-01	1.169999999999941920e-01
3.704999999999999716e+01	7.073999999999383559e-02	9.759999999996472886e-03	8.852000000001002122e-02	1.737300000000103206e-01
3.714999999999999858e+01	1.415700000000091330e-01	1.099199999999992960e-01	1.774700000000002109e-01	9.000999999999624579e-02
3.725000000000000000e+01	1.190899999999932291e-01	4.649999999999837597e-02	-9.090000000000519539e-03	1.386800000000048549e-01
3.734999999999999432e+01	-5.043000000000592842e-02	8.580000000000284621e-02	1.935399999999994070e-01	-1.340000000009671562e-03
3.744999999999999574e+01	1.796000000000581159e-02	2.877800000000095837e-01	3.235699999999941956e-01	1.954200000000134996e-01
3.754999999999999716e+01	1.854499999999965620e-01	2.693399999999899763e-01	-1.531999999999206045e-02	3.979999999987895998e-03
3.764999999999999858e+01	2.146000000000121977e-01	1.851500000000079194e-01	2.416099999999951897e-01	2.280900000000060379e-01
3.775000000000000000e+01	1.051999999999967822e-01	2.637999999999972034e-01	1.023700000000008770e-01	1.830099999999929838e-01
3.784999999999999432e+01	2.387599999999965028e-01	2.782200000000055740e-01	4.979999999999779742e-02	8.617000000001015514e-02
3.794999999999999574e+01	8.236000000000161247e-02	1.237599999999976497e-01	7.483999999999850494e-02	5.803999999999497061e-02
3.804999999999999716e+01	5.454000000000311377e-02	2.803899999999980297e-01	-5.159999999992966220e-03	4.700000000035248356e-04
3.814999999999999858e+01	2.976999999999573737e-02	1.833000000000068741e-01	2.044200000000103157e-01	2.086999999999513203e-02
3.825000000000000000e+01	2.611600000000012245e-01	2.247399999999907527e-01	4.026999999998907148e-02	2.259999999999714668e-02
3.834999999999999432e+01	1.238000000000742847e-02	1.100100000000029943e-01	1.311600000000017474e-01	1.648500000000125143e-01
3.844999999999999574e+01	2.110199999999914089e-01	3.678600000000122883e-01	7.635999999999781851e-02	7.505000000000121296e-02
3.854999999999999716e+01	1.033100000000079233e-01	2.890899999999884673e-01	8.791999999999720872e-02	1.796300000000001507e-01
3.864999999999999858e+01	3.558400000000018770e-01	4.514700000000020919e-01	6.662000000000413424e-02	1.902999999999905878e-01
3.875000000000000000e+01	2.310499999999934828e-01	3.236900000000109690e-01	8.596999999999996311e-02	2.955300000000004590e-01
3.884999999999999432e+01	1.023799999999933930e-01	4.942200000000003257e-01	2.040400000000104908e-01	2.024500000000102884e-01
3.894999999999999574e+01	2.933800000000107988e-01	3.881900000000029771e-01	4.113999999999521512e-02	2.453399999999925363e-01
3.904999999999999716e+01	2.424899999999938494e-01	3.913500000000005863e-01	1.591499999999973491e-01	9.887000000000902011e-02
3.914999999999999858e+01	1.427800000000095104e-01	3.827599999999988789e-01	-3.275999999999624351e-02	1.248499999999990173e-01
3.925000000000000000e+01	2.875000000000059730e-01	3.621500000000045794e-01	2.041200000000039094e-01	1.874999999999900080e-01
3.934999999999999432e+01	1.959999999999879894e-01	2.875099999999984890e-01	-1.006600000000016648e-01	1.563400000000042533e-01
3.944999999999999574e+01	4.186999999999955341e-02	3.141100000000041081e-01	1.547699999999890830e-01	1.012000000000060906e-01
3.954999999999999716e+01	2.648600000000032595e-01	1.763899999999913593e-01	1.208000000000102186e-01	1.274199999999940935e-01
3.964999999999999858e+01	2.024400000000000088e-01	2.119399999999956596e-01	2.213599999999978918e-01	7.174000000000926858e-02
3.975000000000000000e+01	2.418300000000081773e-01	1.345300000000020646e-01	1.380699999999995264e-01	1.611600000000029953e-01
3.984999999999999432e+01	2.010199999999969234e-01	1.512400000000019007e-01	7.898000000000876542e-02	1.686400000000005117e-01
3.994999999999999574e+01	2.858999999999954911e-01	1.188800000000082846e-01	1.784199999999997732e-01	1.363699999999928025e-01
4.004999999999999716e+01	2.018499999999974759e-01	1.472300000000009434e-01	1.136599999999891725e-01	8.150000000000574840e-02
4.014999999999999858e+01	1.365400000000076830e-01	5.882999999998993201e-02	8.923000000001156395e-02	1.227199999999943753e-01
4.025000000000000000e+01	3.291699999999953552e-01	1.541200000000136905e-01	6.107999999999357693e-02	3.159999999999396625e-02
4.034999999999999432e+01	4.491000000001593023e-02	1.327599999999944658e-01	9.800000000000287648e-02	2.574000000000973426e-02
4.044999999999999574e+01	2.301599999999845159e-01	2.463099999999949219e-01	2.054599999999958126e-01	6.406999999999407613e-02
4.054999999999999716e+01	2.254100000000044679e-01	2.656000000000001068e-02	2.709899999999985654e-01	4.561299999999962052e-01
4.064999999999999858e+01	1.447899999999973930e-01	4.293700000000037487e-01	2.767300000000015858e-01	8.263000000001270717e-02
4.075000000000000000e+01	-4.486999999999257555e-02	2.592700000000123794e-01	2.953800000000061377e-01	3.876200000000032397e-01
4.084999999999999432e+01	6.299000000000298805e-02	2.194299999999856920e-01	2.533599999999944785e-01	1.922300000000028153e-01
4.094999999999999574e+01	1.594899999999915829e-01	1.712900000000067702e-01	3.405099999999995353e-01	2.327099999999945878e-01
4.104999999999999716e+01	5.211000000000983595e-02	2.555700000000102889e-01	1.023300000000130494e-01	2.978500000000049996e-01
4.114999999999999858e+01	3.128999999999504400e-02	1.021699999999906849e-01	2.864699999999952285e-01	1.227399999999971708e-01
4.125000000000000000e+01	9.169000000000014639e-02	1.987000000000101185e-01	2.131600000000063166e-01	2.978599999999975156e-01
4.134999999999999432e+01	5.957999999999707280e-02	2.146199999999972297e-01	3.933799999999912367e-01	1.033999999999938579e-01
4.144999999999999574e+01	1.851000000000275689e-02	2.322999999999994514e-01	3.030300000000007432e-01	2.247100000000132047e-01
4.154999999999999716e+01	2.032299999999949702e-01	2.474199999999990851e-01	5.211800000000029742e-01	2.308299999999982588e-01
4.164999999999999858e+01	1.288599999999999746e-01	9.119999999999382767e-02	5.874600000000128608e-01	2.190599999999961467e-01
4.175000000000000000e+01	2.262300000000125044e-01	3.495600000000121943e-01	3.852799999999959035e-01	8.788000000000936729e-02
4.184999999999999432e+01	1.544400000000051287e-01	2.110799999999997956e-01	4.814599999999930602e-01	2.275099999999960210e-01
4.194999999999999574e+01	2.360199999999865184e-01	2.197799999999902054e-01	4.282900000000126606e-01	2.764099999999923840e-01
4.204999999999999716e+01	2.228299999999991121e-01	2.035600000000144516e-01	4.154100000000064408e-01	2.587000000000126004e-02
4.214999999999999858e+01	1.420200000000098606e-01	2.432499999999934992e-01	5.173399999999991339e-01	2.040600000000132863e-01
4.225000000000000000e+01	1.039899999999964048e-01	9.009000000000742803e-02	3.433699999999907382e-01	5.906999999998795159e-02
4.234999999999999432e+01	1.391899999999962056e-01	2.581599999999904527e-01	4.276500000000120205e-01	1.989400000000081381e-01
4.244999999999999574e+01	1.456300000000082251e-01	2.214099999999959989e-01	2.450799999999917211e-01	1.171199999999932018e-01
4.254999999999999716e+01	1.433300000000064522e-01	1.543500000000014305e-01	4.594000000000003081e-01	2.722699999999998455e-01
4.264999999999999858e+01	1.508600000000020758e-01	3.068299999999990479e-01	4.328199999999975400e-01	1.031799999999986339e-01
4.275000000000000000e+01	-3.916000000000266490e-02	2.438600000000165913e-01	3.061200000000152688e-01	2.660800000000139165e-01
4.284999999999999432e+01	1.108399999999857832e-01	1.325799999999870693e-01	5.016000000000016001e-01	8.868999999998937456e-02
4.294999999999999574e+01	1.452200000000130886e-01	1.716700000000065951e-01	2.967999999999914595e-01	2.423500000000098076e-01
4.304999999999999716e+01	7.299999999990118213e-03	2.184600000000010978e-01	4.599600000000075295e-01	1.320199999999976115e-01
4.314999999999999858e+01	1.176000000000070045e-01	1.216299999999930076e-01	3.028400000000008307e-01	1.699400000000045874e-01
4.325000000000000000e+01	4.844999999999561463e-02	1.598400000000138599e-01	4.207699999999918172e-01	-2.860000000008976456e-03
4.334999999999999432e+01	1.881900000000065187e-01	2.517600000000017602e-01	2.967900000000167071e-01	2.829800000000136651e-01
4.344999999999999574e+01	1.992899999999949157e-01	1.303599999999965064e-01	3.219299999999958861e-01	2.040599999999955227e-01
4.354999999999999716e+01	1.516999999999773911e-02	-7.100000000015452241e-04	3.911899999999959854e-01	-2.251000000001121201e-02
4.364999999999999858e+01	2.122100000000067543e-01	3.608200000000051921e-01	3.740800000000112924e-01	2.850300000000071110e-01
4.375000000000000000e+01	1.330500000000083560e-01	-3.948000000001186671e-02	2.999499999999965527e-01	1.600499999999988043e-01
4.384999999999999432e+01	2.328200000000010816e-01	2.488100000000068590e-01	3.778699999999992620e-01	1.419899999999967855e-01
4.394999999999999574e+01	1.411499999999859534e-01	8.653000000000718450e-02	4.075800000000043832e-01	1.377800000000033998e-01
4.404999999999999716e+01	1.298800000000004673e-01	2.249899999999990519e-01	3.809899999999912801e-01	1.844100000000110651e-01
4.414999999999999858e+01	1.536700000000129629e-01	2.292999999999886448e-02	2.805000000000045235e-01	7.083999999999004982e-02
4.425000000000000000e+01	9.622000000000276165e-02	1.024999999999924027e-01	3.831800000000043505e-01	1.712799999999964906e-01
4.434999999999999432e+01	1.926499999999904678e-01	1.610000000001227116e-02	3.221600000000013897e-01	1.637200000000055555e-01
4.444999999999999574e+01	1.709499999999947728e-01	2.871099999999958685e-01	1.185899999999943943e-01	1.521999999999584623e-02
4.454999999999999716e+01	3.385700000000125831e-01	6.057999999999474222e-02	2.018600000000077554e-01	1.283900000000142150e-01
4.464999999999999858e+01	1.549599999999889954e-01	1.201900000000048901e-01	1.678500000000055226e-01	1.558799999999932462e-01
4.475000000000000000e+01	1.494600000000017859e-01	1.240800000000068515e-01	1.909999999991647329e-03	2.750200000000023737e-01
4.484999999999999432e+01	3.727300000000091096e-01	1.671200000000011843e-01	1.789699999999967150e-01	1.785199999999959874e-01
4.494999999999999574e+01	1.584000000000079789e-01	1.948599999999885146e-01	4.192000000001542409e-02	1.495599999999980001e-01
4.504999999999999716e+01	2.652999999999937075e-01	2.296000000001194308e-02	4.616999999999665816e-02	1.365300000000151670e-01
4.514999999999999858e+01	2.213700000000081713e-01	1.181099999999983552e-01	1.621600000000006647e-01	2.790699999999911585e-01
4.525000000000000000e+01	1.648199999999994392e-01	1.035499999999881932e-01	2.906999999998671064e-02	1.325600000000020373e-01
4.534999999999999432e+01	2.826799999999894952e-01	7.158000000000466767e-02	1.609500000000002873e-01	7.376999999999993285e-02
4.544999999999999574e+01	1.336799999999987165e-01	2.233000000000026353e-01	3.120000000000910934e-02	2.736999999999955024e-01
4.554999999999999716e+01	3.374800000000112155e-01	3.633199999999993657e-01	3.376300000000055368e-01	2.348900000000150867e-01
4.564999999999999858e+01	2.251399999999933732e-01	2.945700000000083807e-01	2.689900000000032265e-01	2.919299999999946382e-01
4.575000000000000000e+01	3.795200000000078511e-01	3.085299999999879805e-01	3.169799999999878271e-01	1.457399999999969553e-01
4.584999999999999432e+01	2.468000000000012406e-01	4.480900000000092587e-01	1.833000000000068741e-01	1.654600000000000792e-01
4.594999999999999574e+01	3.177499999999977565e-01	1.988300000000016443e-01	2.998799999999956500e-01	2.213700000000081713e-01
4.604999999999999716e+01	2.337600000000081280e-01	3.135200000000015752e-01	7.442000000001085247e-02	9.487999999999308098e-02
4.614999999999999858e+01	2.495399999999934337e-01	1.374099999999960908e-01	2.862399999999897249e-01	2.229700000000009175e-01
4.625000000000000000e+01	2.084800000000094078e-01	1.787000000000033839e-01	2.329700000000131666e-01	1.355000000000044225e-01
4.634999999999999432e+01	2.980899999999852557e-01	4.028899999999971948e-01	2.946199999999887242e-01	2.003599999999934878e-01
4.644999999999999574e+01	4.681800000000019280e-01	1.059799999999992276e-01	1.317099999999986892e-01	1.504100000000013482e-01
4.654999999999999716e+01	2.402900000000060821e-01	1.871300000000004626e-01	3.111800000000120026e-01	3.708000000000146734e-01
4.664999999999999858e+01	3.020500000000058693e-01	2.755600000000067995e-01	1.910900000000033128e-01	3.815099999999929103e-01
4.675000000000000000e+01	3.995699999999949847e-01	2.089299999999923718e-01	2.366599999999871584e-01	1.483200000000023111e-01
4.684999999999999432e+01	3.123900000000123800e-01	2.896700000000162478e-01	2.186000000000029031e-01	2.937299999999975486e-01
4.694999999999999574e+01	4.277799999999857827e-01	1.358799999999864838e-01	2.389699999999992108e-01	2.973399999999958854e-01
4.704999999999999716e+01	3.776100000000162105e-01	2.390500000000103931e-01	2.011600000000164923e-01	1.126300000000139551e-01
4.714999999999999858e+01	3.481599999999941408e-01	1.473799999999952648e-01	1.784099999999894937e-01	2.445999999999956820e-01
4.725000000000000000e+01	3.030500000000035388e-01	9.419000000001209738e-02	2.139200000000059665e-01	2.119500000000059392e-01
4.734999999999999432e+01	4.305899999999966976e-01	1.910199999999846465e-01	1.128100000000035880e-01	1.417799999999940774e-01
4.744999999999999574e+01	3.260099999999977460e-01	1.462600000000163492e-01	1.939299999999917479e-01	2.403799999999920167e-01
4.754999999999999716e+01	1.747800000000060971e-01	2.625699999999940304e-01	2.501600000000090418e-01	2.969800000000166196e-01
4.764999999999999858e+01	3.665200000000025660e-01	2.105599999999981653e-01	2.297999999999874865e-01	3.446099999999864272e-01
4.775000000000000000e+01	2.209500000000027553e-01	2.017200000000059501e-01	2.085700000000131060e-01	2.060500000000161092e-01
4.784999999999999432e+01	3.117600000000042559e-01	2.392799999999981331e-01	2.992699999999903215e-01	2.049199999999913868e-01
4.794999999999999574e+01	2.483699999999986474e-01	1.576399999999905654e-01	1.383700000000059327e-01	3.239400000000015045e-01
4.804999999999999716e+01	3.087999999999990752e-01	6.275000000000496847e-02	2.498600000000026355e-01	1.914700000000031654e-01
4.814999999999999858e+01	2.914700000000013946e-01	2.065499999999971803e-01	7.785999999999432264e-02	2.154099999999922188e-01
4.825000000000000000e+01	2.447499999999900033e-01	1.266900000000075188e-01	3.022600000000085774e-01	2.383400000000088503e-01
4.834999999999999432e+01	3.039100000000171664e-01	1.957299999999946583e-01	1.079700000000020643e-01	2.055999999999976180e-01
4.844999999999999574e+01	2.219699999999854567e-01	1.948000000000511822e-02	9.423999999999244093e-02	3.107100000000084794e-01
4.854999999999999716e+01	1.928100000000128322e-01	3.032200000000006557e-01	2.964900000000103009e-01	3.531699999999928230e-01
4.864999999999999858e+01	1.886899999999875899e-01	1.717700000000028093e-01	1.449000000000038868e-01	1.751699999999984381e-01
4.875000000000000000e+01	2.873500000000116517e-01	3.140200000000004099e-01	1.844099999999933015e-01	4.233400000000046570e-01
4.884999999999999432e+01	2.871999999999995667e-01	5.188999999999684837e-02	1.452100000000028091e-01	1.668300000000050576e-01
4.894999999999999574e+01	1.370999999999971686e-01	2.326500000000039647e-01	2.180199999999928862e-01	3.313200000000027790e-01
4.904999999999999716e+01	2.813500000000078716e-01	1.027000000000025948e-01	1.466899999999965176e-01	1.746699999999996034e-01
4.914999999999999858e+01	1.816900000000038762e-01	1.215099999999939978e-01	6.938000000001690037e-02	2.557299999999971263e-01
4.925000000000000000e+01	2.067100000000017812e-01	1.276600000000098767e-01	2.188299999999906431e-01	1.652100000000095437e-01
4.934999999999999432e+01	1.343699999999974637e-01	3.431099999999899230e-01	1.453799999999999260e-01	1.917899999999946037e-01
4.944999999999999574e+01	2.751400000000013835e-01	1.863300000000129852e-01	6.992999999999607863e-02	3.540899999999970738e-01
4.954999999999999716e+01	1.796500000000029462e-01	2.958099999999863061e-01	2.981500000000114059e-01	1.994299999999967210e-01
4.964999999999999858e+01	1.757799999999860030e-01	5.297600000000121101e-01	3.965599999999916414e-01	3.146400000000160180e-01
4.975000000000000000e+01	3.085600000000010557e-01	3.208399999999945185e-01	3.557500000000159424e-01	4.405300000000005323e-01
4.984999999999999432e+01	2.580200000000064109e-01	4.330600000000133232e-01	2.103699999999982528e-01	2.193599999999847894e-01
4.994999999999999574e+01	1.722000000000007414e-01	3.667100000000024784e-01	4.907399999999934592e-01	2.679200000000046544e-01
5.004999999999999716e+01	2.187999999999953316e-01	3.220299999999921003e-01	2.821699999999981445e-01	1.801500000000017809e-01
5.014999999999999858e+01	2.289600000000121816e-01	4.898099999999966925e-01	4.128500000000038250e-01	3.477299999999962088e-01
5.025000000000000000e+01	1.785499999999912990e-01	3.971000000000138308e-01	3.058000000000060670e-01	1.961700000000028699e-01
5.034999999999999432e+01	1.804000000000100801e-01	2.665099999999940850e-01	3.328800000000076698e-01	2.238100000000117495e-01
5.044999999999999574e+01	2.483400000000033359e-01	2.639300000000064927e-01	2.163499999999992651e-01	2.612300000000021272e-01
5.054999999999999716e+01	2.440999999999968473e-01	2.881799999999944406e-01	2.978999999999853432e-01	2.692899999999918692e-01
5.064999999999999858e+01	2.505899999999892103e-01	1.006100000000035577e-01	4.710500000000034104e-01	2.946099999999962082e-01
5.075000000000000000e+01	2.248000000000169030e-01	3.151699999999924007e-01	1.971800000000108188e-01	3.754300000000134752e-01
5.084999999999999432e+01	2.573999999999907473e-01	2.223300000000002496e-01	2.836300000000068211e-01	1.811799999999947619e-01
5.094999999999999574e+01	1.186900000000083721e-01	1.147200000000129921e-01	1.376399999999838308e-01	3.092400000000072868e-01
5.104999999999999716e+01	3.020399999999955898e-01	1.388199999999888967e-01	2.672100000000031117e-01	2.836699999999946487e-01
5.114999999999999858e+01	2.094199999999986905e-01	1.504700000000097349e-01	2.244900000000002172e-01	2.174899999999987399e-01
5.125000000000000000e+01	2.675400000000048295e-01	1.885000000000054410e-01	2.947700000000008091e-01	2.496000000000018204e-01
5.134999999999999432e+01	1.638499999999970813e-01	2.505299999999985872e-01	2.352000000000140090e-01	2.696700000000094577e-01
5.144999999999999574e+01	6.379700000000121385e-01	5.696999999999639158e-02	2.379799999999940296e-01	1.882599999999896578e-01
5.154999999999999716e+01	5.572699999999939369e-01	4.487699999999977263e-01	2.477900000000063940e-01	2.353399999999980508e-01
5.164999999999999858e+01	6.844100000000021833e-01	2.885900000000073407e-01	2.205000000000020277e-01	2.161800000000021482e-01
5.175000000000000000e+01	6.090200000000066671e-01	2.488900000000002777e-01	2.618899999999877992e-01	2.442700000000117277e-01
5.184999999999999432e+01	6.396099999999926844e-01	2.652600000000058800e-01	3.165600000000001746e-01	3.525900000000005696e-01
5.194999999999999574e+01	6.870900000000037533e-01	2.295099999999913598e-01	8.537000000000491418e-02	1.268600000000046357e-01
5.204999999999999716e+01	6.110600000000077081e-01	2.561000000000044352e-01	3.564200000000118940e-01	1.585399999999920206e-01
5.214999999999999858e+01	8.068400000000004457e-01	2.539900000000026026e-01	1.215999999999976960e-01	1.457399999999969553e-01
5.225000000000000000e+01	4.703199999999990721e-01	2.126400000000046864e-01	3.025500000000047041e-01	2.105700000000084449e-01
5.234999999999999432e+01	7.295700000000086005e-01	2.185099999999992049e-01	1.752299999999890612e-01	2.487200000000031608e-01
5.244999999999999574e+01	4.126899999999992241e-01	3.439500000000007551e-01	4.076700000000080815e-01	2.956799999999947803e-01
5.254999999999999716e+01	3.559699999999934028e-01	2.849999999999940359e-01	3.190000000000037250e-01	5.252900000000001457e-01
5.264999999999999858e+01	3.974400000000080646e-01	2.795399999999946816e-01	4.749200000000025623e-01	3.993100000000119332e-01
5.275000000000000000e+01	3.241700000000070081e-01	2.274300000000026023e-01	4.138299999999986989e-01	6.013399999999989864e-01
5.284999999999999432e+01	4.725799999999952261e-01	3.207800000000038954e-01	4.524900000000025568e-01	4.413600000000010848e-01
5.294999999999999574e+01	4.167000000000002369e-01	2.770899999999986152e-01	4.750299999999912925e-01	6.362099999999970557e-01
5.304999999999999716e+01	3.919800000000087103e-01	2.963900000000140866e-01	3.772000000000033104e-01	4.604600000000063642e-01
5.314999999999999858e+01	3.436299999999915533e-01	3.405099999999995353e-01	4.129400000000075233e-01	4.032799999999895357e-01
5.325000000000000000e+01	4.285900000000013033e-01	2.151999999999895108e-01	3.341299999999958747e-01	3.794200000000116368e-01
5.334999999999999432e+01	1.905999999999969940e-01	2.144200000000048012e-01	4.084000000000124198e-01	5.580600000000066618e-01
5.344999999999999574e+01	4.150100000000038203e-01	2.764400000000054591e-01	3.512600000000011269e-01	3.311499999999878985e-01
5.354999999999999716e+01	4.614300000000087776e-01	3.721200000000037811e-01	2.184799999999861297e-01	3.194100000000166251e-01
5.364999999999999858e+01	1.815099999999964797e-01	3.404199999999958370e-01	3.190800000000149073e-01	4.125299999999946232e-01
5.375000000000000000e+01	3.927700000000036717e-01	2.381500000000089101e-01	4.365400000000023706e-01	2.871299999999986641e-01
5.384999999999999432e+01	3.334700000000102027e-01	3.896799999999892017e-01	2.709499999999929742e-01	3.056100000000061545e-01
5.394999999999999574e+01	3.803600000000009196e-01	9.947000000000406905e-02	2.135000000000005504e-01	4.460499999999905651e-01
5.404999999999999716e+01	3.194799999999997642e-01	3.467099999999957438e-01	3.433800000000010177e-01	2.624100000000071931e-01
5.414999999999999858e+01	2.857199999999880946e-01	3.419200000000101047e-01	1.817499999999944993e-01	2.777500000000020508e-01
5.425000000000000000e+01	1.832600000000012830e-01	1.828800000000014581e-01	4.172900000000027698e-01	3.846899999999933706e-01
5.434999999999999432e+01	3.449499999999984245e-01	3.026299999999981227e-01	5.767999999999794125e-02	2.326600000000142443e-01
5.444999999999999574e+01	3.647300000000099351e-01	3.009899999999998133e-01	4.055600000000062488e-01	2.362600000000023015e-01
5.454999999999999716e+01	2.931500000000052952e-01	3.241399999999939330e-01	3.337100000000082223e-01	4.556500000000001660e-01
5.464999999999999858e+01	4.075100000000034806e-01	2.648500000000107435e-01	3.435099999999925435e-01	2.387699999999890188e-01
5.475000000000000000e+01	3.860300000000030374e-01	2.851599999999986368e-01	2.992599999999978055e-01	3.010900000000137910e-01
5.484999999999999432e+01	2.813099999999845169e-01	2.588800000000022750e-01	2.916500000000087911e-01	3.085999999999888832e-01
5.494999999999999574e+01	4.110900000000065058e-01	4.225100000000041045e-01	3.842700000000057181e-01	3.164500000000114444e-01
5.504999999999999716e+01	4.011400000000101551e-01	2.400399999999977829e-01	2.083299999999973229e-01	3.598599999999953503e-01
5.514999999999999858e+01	3.448500000000022103e-01	1.991800000000061577e-01	3.937999999999966527e-01	2.772599999999957321e-01
5.525000000000000000e+01	3.178099999999883796e-01	3.435599999999906506e-01	3.628100000000080150e-01	4.051400000000008328e-01
5.534999999999999432e+01	2.348700000000122912e-01	2.507400000000012952e-01	3.021099999999964925e-01	1.011800000000032951e-01
5.544999999999999574e+01	3.005800000000046768e-01	2.789199999999968371e-01	2.137899999999966771e-01	3.326099999999965751e-01
5.554999999999999716e+01	4.741699999999954285e-01	3.038100000000031886e-01	3.696900000000105102e-01	2.828200000000090641e-01
5.564999999999999858e+01	2.876200000000049828e-01	2.592800000000048954e-01	2.591499999999956061e-01	3.575500000000010892e-01
5.575000000000000000e+01	3.732299999999901807e-01	2.499700000000091293e-01	3.513399999999945456e-01	2.401500000000042767e-01
5.584999999999999432e+01	3.566100000000118064e-01	3.442599999999996774e-01	3.193600000000007544e-01	3.813100000000004819e-01
5.594999999999999574e+01	2.255399999999959937e-01	2.924799999999915801e-01	2.541900000000127946e-01	2.781300000000018757e-01
5.604999999999999716e+01	2.989000000000007762e-01	2.067399999999970928e-01	2.549999999999927880e-01	3.122100000000049835e-01
5.614999999999999858e+01	3.809000000000053454e-01	4.009400000000177267e-01	3.286400000000012089e-01	3.000899999999983581e-01
5.625000000000000000e+01	1.463899999999901114e-01	1.260099999999835241e-01	2.572100000000085984e-01	2.364500000000022140e-01
5.634999999999999432e+01	2.346100000000114760e-01	1.887200000000006650e-01	4.190999999999981962e-01	3.122199999999974995e-01
5.644999999999999574e+01	5.076500000000034873e-01	2.774000000000153010e-01	2.441299999999921588e-01	3.818899999999927353e-01
5.654999999999999716e+01	4.065600000000039183e-01	4.422399999999997444e-01	3.678000000000039016e-01	2.311100000000018695e-01
5.664999999999999858e+01	4.197099999999857611e-01	3.001599999999992607e-01	3.635500000000048693e-01	3.808500000000072383e-01
5.675000000000000000e+01	4.251000000000019763e-01	1.202699999999983088e-01	4.182900000000004392e-01	2.404300000000078874e-01
5.684999999999999432e+01	4.101400000000069435e-01	3.071500000000082498e-01	3.170900000000120844e-01	5.073099999999914900e-01
5.694999999999999574e+01	5.044500000000002871e-01	3.964899999999907387e-01	3.687599999999959799e-01	3.019399999999993756e-01
5.704999999999999716e+01	3.531500000000077910e-01	2.663900000000128387e-01	3.481900000000072160e-01	2.606800000000051853e-01
5.714999999999999858e+01	4.135499999999950882e-01	1.235799999999902532e-01	3.095699999999912411e-01	3.716099999999946668e-01
5.725000000000000000e+01	4.898600000000125632e-01	2.676899999999991508e-01	2.540800000000063008e-01	3.682900000000102203e-01
5.734999999999999432e+01	3.027499999999971325e-01	3.936600000000126109e-01	2.793900000000003603e-01	3.040700000000040037e-01
5.744999999999999574e+01	5.646999999999933184e-01	3.714699999999928615e-01	3.908399999999914720e-01	4.531899999999938200e-01
5.754999999999999716e+01	3.762600000000140277e-01	5.367000000000051729e-01	3.561800000000138744e-01	3.983600000000123154e-01
5.764999999999999858e+01	5.870499999999999607e-01	7.682600000000078255e-01	4.700199999999926659e-01	6.427599999999978886e-01
5.775000000000000000e+01	4.132499999999886819e-01	3.958699999999928942e-01	4.516500000000094883e-01	3.395399999999971774e-01
5.784999999999999432e+01	3.695700000000115004e-01	6.448300000000118937e-01	3.807999999999913676e-01	4.155399999999979666e-01
5.794999999999999574e+01	4.860099999999984433e-01	4.611899999999929944e-01	3.328300000000095626e-01	4.300600000000025513e-01
5.804999999999999716e+01	4.761199999999926602e-01	6.246400000000051911e-01	4.685800000000045484e-01	4.876200000000014412e-01
5.814999999999999858e+01	4.869200000000101780e-01	5.529299999999912618e-01	3.016399999999929693e-01	4.542600000000101557e-01
5.825000000000000000e+01	3.040599999999937242e-01	4.688100000000100520e-01	4.362300000000034483e-01	2.480199999999941340e-01
5.834999999999999432e+01	2.920600000000039276e-01	5.518700000000029693e-01	5.965699999999983794e-01	3.994600000000062545e-01
5.844999999999999574e+01	5.545000000000064322e-01	3.545199999999950058e-01	2.497200000000008302e-01	5.267699999999938543e-01
5.854999999999999716e+01	2.861900000000093813e-01	3.663800000000007606e-01	5.845000000000076801e-01	3.101400000000087420e-01
5.864999999999999858e+01	3.657199999999973250e-01	3.602800000000007663e-01	5.375399999999982414e-01	3.537199999999897648e-01
5.875000000000000000e+01	2.787700000000025158e-01	4.730100000000109217e-01	5.720400000000067653e-01	3.462800000000155753e-01
5.884999999999999432e+01	2.869100000000034401e-01	2.735700000000039767e-01	4.353200000000094771e-01	3.603700000000044645e-01
5.894999999999999574e+01	3.828799999999979442e-01	3.611999999999872535e-01	5.995599999999988716e-01	3.095499999999884455e-01
5.904999999999999716e+01	3.353300000000037362e-01	2.931300000000024997e-01	3.210100000000093989e-01	3.804000000000065107e-01
5.914999999999999858e+01	4.106000000000001871e-01	4.254100000000008985e-01	5.619299999999702866e-01	2.357600000000034668e-01
5.925000000000000000e+01	2.972399999999996711e-01	2.854600000000050430e-01	3.852600000000108715e-01	4.338600000000008006e-01
5.934999999999999432e+01	5.171599999999917374e-01	3.422500000000118225e-01	5.009300000000056485e-01	3.308000000000011487e-01
5.944999999999999574e+01	1.813800000000049539e-01	3.730500000000005478e-01	4.680199999999973270e-01	3.668399999999940042e-01
5.954999999999999716e+01	5.392400000000049376e-01	5.215099999999869285e-01	3.811999999999939881e-01	4.581100000000065120e-01
5.964999999999999858e+01	4.192499999999925175e-01	4.422300000000072284e-01	4.641300000000131432e-01	4.994699999999969720e-01
5.975000000000000000e+01	4.443999999999996842e-01	4.278500000000044490e-01	2.856800000000002671e-01	4.809000000000213659e-01
5.984999999999999432e+01	5.002000000000190738e-01	5.388800000000079082e-01	5.304500000000108573e-01	5.267599999999835747e-01
5.994999999999999574e+01	3.957899999999994756e-01	3.231800000000018547e-01	3.632400000000059470e-01	3.765299999999895952e-01
