1.505000000000000071e+01	-1.868440000000006762e+00	-1.962970000000008541e+00	-1.893550000000006062e+00	-1.976650000000006902e+00
1.514999999999999858e+01	-1.913540000000007124e+00	-1.872240000000005011e+00	-2.002370000000007089e+00	-1.965760000000007723e+00
1.525000000000000000e+01	-2.064000000000008939e+00	-1.727240000000007214e+00	-1.972550000000008907e+00	-1.573490000000005162e+00
1.535000000000000142e+01	-1.798250000000005455e+00	-1.645120000000005689e+00	-1.599380000000004909e+00	-1.772960000000006309e+00
1.544999999999999929e+01	-1.719770000000006682e+00	-1.573710000000005937e+00	-1.738400000000006163e+00	-1.289650000000004626e+00
1.555000000000000071e+01	-1.644660000000005784e+00	-1.366900000000004667e+00	-1.455050000000005062e+00	-1.273990000000003731e+00
1.564999999999999858e+01	-1.253660000000004215e+00	-1.315010000000004453e+00	-1.395180000000005194e+00	-1.380850000000005018e+00
1.575000000000000000e+01	-1.132910000000003858e+00	-1.162010000000004206e+00	-1.177570000000003558e+00	-1.111590000000004075e+00
1.585000000000000142e+01	-9.670600000000035834e-01	-1.123100000000003984e+00	-1.109370000000003964e+00	-1.135960000000004300e+00
1.594999999999999929e+01	-8.824200000000033128e-01	-6.323900000000021171e-01	-6.817700000000025407e-01	-1.097290000000003873e+00
1.605000000000000071e+01	-4.855300000000015714e-01	-9.526200000000034640e-01	-1.033390000000003583e+00	-5.484100000000019515e-01
1.615000000000000213e+01	-4.508300000000016738e-01	-4.824200000000017363e-01	-5.456400000000019013e-01	-7.062300000000025779e-01
1.625000000000000000e+01	-4.225800000000014545e-01	-2.906800000000010487e-01	-2.733300000000010166e-01	-2.444000000000008388e-01
1.635000000000000142e+01	2.009400000000007291e-01	-6.366000000000023029e-02	-2.229300000000007942e-01	-3.440800000000012182e-01
1.644999999999999929e+01	7.045000000000024853e-02	2.690100000000009706e-01	1.271800000000004593e-01	4.003100000000013869e-01
1.655000000000000071e+01	7.618400000000027372e-01	4.587600000000015554e-01	4.180900000000014605e-01	6.172600000000022513e-01
1.665000000000000213e+01	6.968700000000024319e-01	7.694100000000027029e-01	8.400100000000031431e-01	6.864600000000024016e-01
1.675000000000000000e+01	1.047100000000003917e+00	9.443600000000035299e-01	8.688500000000030088e-01	1.086550000000003680e+00
1.685000000000000142e+01	9.639700000000029911e-01	9.728100000000032832e-01	1.084810000000004049e+00	1.136770000000004277e+00
1.694999999999999929e+01	1.529830000000005796e+00	1.360480000000004797e+00	1.279260000000004283e+00	1.422450000000005099e+00
1.705000000000000071e+01	1.265950000000004572e+00	1.303490000000005145e+00	1.300710000000004030e+00	1.323350000000004467e+00
1.715000000000000213e+01	1.456100000000005279e+00	1.670240000000005498e+00	1.146680000000005029e+00	1.417570000000005326e+00
1.725000000000000000e+01	1.367940000000004597e+00	1.087840000000003693e+00	1.460610000000005071e+00	1.179140000000003852e+00
1.735000000000000142e+01	1.342640000000004052e+00	1.580170000000006292e+00	1.254070000000003793e+00	1.299940000000005202e+00
1.744999999999999929e+01	1.390700000000005154e+00	1.248540000000004646e+00	1.558370000000005584e+00	1.340170000000005190e+00
1.755000000000000071e+01	1.437390000000005719e+00	1.286390000000004141e+00	1.593390000000006745e+00	1.127660000000003215e+00
1.765000000000000213e+01	1.499360000000006021e+00	1.417980000000003793e+00	1.348350000000003046e+00	1.444300000000005690e+00
1.775000000000000000e+01	1.810020000000005291e+00	1.451830000000005727e+00	1.808880000000008037e+00	1.649170000000005576e+00
1.785000000000000142e+01	1.728480000000007344e+00	1.720830000000006077e+00	1.943780000000006281e+00	1.841290000000006311e+00
1.794999999999999929e+01	2.274090000000005496e+00	1.736220000000007868e+00	1.905410000000007376e+00	1.808790000000006559e+00
1.805000000000000071e+01	2.149750000000011152e+00	2.084320000000004836e+00	2.371590000000007414e+00	2.382150000000009094e+00
1.815000000000000213e+01	2.710160000000009006e+00	2.277300000000010094e+00	2.545670000000010980e+00	2.510690000000006528e+00
1.825000000000000000e+01	1.899790000000003420e+00	2.030160000000005738e+00	2.152750000000004160e+00	1.914440000000008579e+00
1.835000000000000142e+01	1.346300000000005159e+00	1.494720000000008042e+00	1.388850000000006357e+00	1.736630000000005225e+00
1.844999999999999929e+01	8.130000000000043858e-01	7.726900000000008761e-01	1.077160000000003004e+00	1.291320000000007129e+00
1.855000000000000071e+01	5.821600000000003439e-01	5.744200000000019291e-01	6.623100000000038401e-01	1.278110000000003410e+00
1.865000000000000213e+01	3.319700000000048168e-01	8.033800000000008712e-01	7.039400000000010094e-01	1.187410000000004073e+00
1.875000000000000000e+01	6.332999999999988638e-01	4.002500000000056568e-01	6.772100000000038644e-01	9.711800000000038180e-01
1.885000000000000142e+01	4.714400000000046331e-01	3.168599999999976990e-01	4.882399999999992857e-01	7.405599999999994409e-01
1.894999999999999929e+01	4.626400000000002732e-01	4.235300000000045695e-01	4.682300000000044760e-01	5.666100000000027226e-01
1.905000000000000071e+01	5.171100000000025121e-01	5.559800000000001408e-01	3.908599999999987085e-01	7.259400000000030273e-01
1.915000000000000213e+01	4.195499999999989238e-01	4.369100000000007977e-01	5.224400000000014588e-01	5.717200000000020044e-01
1.925000000000000000e+01	3.115300000000031933e-01	3.922800000000017939e-01	2.251900000000048030e-01	8.400700000000046463e-01
1.935000000000000142e+01	4.810599999999993215e-01	6.421500000000014419e-01	6.982999999999985885e-01	6.706300000000032790e-01
1.944999999999999929e+01	5.579800000000043614e-01	7.126400000000047141e-01	6.947800000000039500e-01	6.401800000000013036e-01
1.955000000000000071e+01	4.788800000000010271e-01	7.794100000000031558e-01	5.889400000000021285e-01	5.110300000000007614e-01
1.965000000000000213e+01	4.747000000000028974e-01	9.158600000000026720e-01	9.057700000000045160e-01	8.415100000000016456e-01
1.975000000000000000e+01	5.110600000000005139e-01	8.212100000000017719e-01	8.260200000000035292e-01	6.994500000000039019e-01
1.985000000000000142e+01	4.263000000000009559e-01	9.048900000000058563e-01	8.840100000000004066e-01	6.566400000000062187e-01
1.994999999999999929e+01	4.918800000000018158e-01	6.856899999999990225e-01	8.949200000000022692e-01	7.536199999999952936e-01
2.005000000000000071e+01	6.436200000000026344e-01	9.129800000000042326e-01	9.225100000000041600e-01	3.786700000000045030e-01
2.015000000000000213e+01	3.567900000000014393e-01	6.196300000000021235e-01	8.272500000000022613e-01	5.909500000000033060e-01
2.025000000000000000e+01	4.584200000000009934e-01	8.207300000000012918e-01	6.916600000000030501e-01	4.777800000000027025e-01
2.035000000000000142e+01	5.713400000000021794e-01	5.893200000000063943e-01	8.415300000000000002e-01	6.012799999999994816e-01
2.044999999999999929e+01	5.044100000000035777e-01	3.469500000000026452e-01	4.998800000000098720e-01	6.773399999999998311e-01
2.055000000000000071e+01	6.570700000000041507e-01	3.980099999999989202e-01	2.299600000000009692e-01	7.359200000000081232e-01
2.065000000000000213e+01	3.443199999999991823e-01	3.571999999999965758e-01	3.365699999999994807e-01	5.419400000000004214e-01
2.075000000000000000e+01	5.899500000000056366e-01	3.894500000000014617e-01	2.891800000000010473e-01	6.274300000000043731e-01
2.085000000000000142e+01	5.624299999999957667e-01	3.127700000000033231e-01	5.421799999999984410e-01	5.607899999999974572e-01
2.094999999999999929e+01	6.065800000000031167e-01	3.326600000000035640e-01	4.467499999999995919e-01	6.689100000000026691e-01
2.105000000000000071e+01	5.901800000000022584e-01	3.854299999999991067e-01	4.989800000000084168e-01	2.543300000000057182e-01
2.115000000000000213e+01	3.210900000000028176e-01	5.477600000000057978e-01	2.405899999999947247e-01	6.391899999999961501e-01
2.125000000000000000e+01	5.736999999999989885e-01	2.912899999999939982e-01	5.838700000000084378e-01	2.399100000000062571e-01
2.135000000000000142e+01	5.133900000000064523e-01	6.905600000000091665e-01	2.700399999999990031e-01	6.247300000000000075e-01
2.144999999999999929e+01	1.586299999999957189e-01	7.536999999999975941e-01	5.650599999999992296e-01	4.553899999999993509e-01
2.155000000000000071e+01	3.092000000000016957e-01	6.928500000000095138e-01	3.773400000000051158e-01	3.227500000000039226e-01
2.165000000000000213e+01	3.031600000000011508e-01	8.251199999999976331e-01	5.560000000000029363e-01	5.115100000000012415e-01
2.175000000000000000e+01	8.953000000000020664e-02	1.015000000000000568e+00	7.887899999999997691e-01	4.418599999999999195e-01
2.185000000000000142e+01	1.185800000000018783e-01	7.757600000000081097e-01	5.709599999999979136e-01	6.638699999999998491e-01
2.194999999999999929e+01	9.528000000000458325e-02	6.458500000000034769e-01	8.012900000000062750e-01	2.163100000000025558e-01
2.205000000000000071e+01	3.603799999999969805e-01	1.052430000000001309e+00	7.345799999999984564e-01	5.645800000000031904e-01
2.215000000000000213e+01	1.469800000000015261e-01	7.281400000000041173e-01	5.729000000000026294e-01	4.098800000000061283e-01
2.225000000000000000e+01	-2.068999999999661735e-02	8.810900000000052579e-01	8.171900000000082986e-01	4.387299999999976219e-01
2.235000000000000142e+01	1.777699999999977354e-01	7.786499999999946242e-01	5.337299999999985944e-01	3.277199999999969582e-01
2.244999999999999929e+01	3.051900000000007385e-01	5.225400000000065548e-01	6.207300000000004481e-01	6.004500000000078108e-01
2.255000000000000071e+01	4.516399999999992088e-01	4.467900000000051830e-01	5.503300000000097558e-01	3.011400000000030164e-01
2.265000000000000213e+01	1.825600000000011380e-01	2.947599999999994114e-01	3.139799999999948188e-01	4.634899999999947395e-01
2.275000000000000000e+01	4.847900000000055498e-01	3.423999999999972621e-01	6.011200000000037624e-01	6.042400000000046623e-01
2.285000000000000142e+01	3.122500000000016929e-01	6.016300000000039949e-01	4.516900000000061977e-01	5.472300000000027698e-01
2.294999999999999929e+01	4.332599999999968698e-01	4.306200000000008909e-01	3.538099999999934631e-01	5.090400000000023795e-01
2.305000000000000071e+01	4.912800000000067668e-01	4.477900000000028524e-01	6.493900000000097927e-01	4.783799999999977515e-01
2.315000000000000213e+01	3.425099999999948741e-01	4.862900000000020539e-01	2.919899999999941431e-01	7.183900000000090769e-01
2.325000000000000000e+01	4.577800000000047942e-01	2.595700000000010221e-01	4.192500000000013993e-01	4.875999999999986456e-01
2.335000000000000142e+01	4.990200000000051261e-01	5.864699999999988256e-01	4.792100000000071858e-01	5.109000000000047947e-01
2.344999999999999929e+01	5.342199999999960314e-01	4.680600000000029182e-01	5.043099999999984817e-01	5.689600000000025748e-01
2.355000000000000071e+01	7.160700000000045362e-01	7.174800000000062239e-01	4.002500000000012159e-01	5.298499999999980448e-01
2.365000000000000213e+01	8.199500000000032873e-01	4.589199999999953872e-01	5.129500000000071225e-01	6.667000000000046223e-01
2.375000000000000000e+01	6.481800000000005335e-01	7.157200000000089046e-01	3.356799999999993678e-01	7.612500000000048672e-01
2.385000000000000142e+01	8.139500000000083890e-01	7.282400000000003315e-01	5.219900000000007312e-01	5.975699999999960488e-01
2.394999999999999929e+01	5.748799999999951726e-01	7.039200000000026547e-01	4.229099999999978432e-01	5.455800000000029515e-01
2.405000000000000071e+01	6.578500000000021553e-01	5.882100000000022311e-01	6.961400000000075305e-01	6.260700000000007925e-01
2.415000000000000213e+01	8.108900000000069941e-01	6.742000000000050175e-01	2.808500000000001551e-01	5.863800000000040091e-01
2.425000000000000000e+01	7.885700000000045451e-01	8.513599999999973411e-01	4.866899999999957926e-01	6.410700000000014720e-01
2.435000000000000142e+01	6.248600000000004151e-01	6.075600000000068723e-01	5.846200000000066899e-01	6.956100000000045025e-01
2.444999999999999929e+01	6.949200000000057553e-01	6.182600000000015861e-01	6.934400000000031650e-01	1.029660000000006903e+00
2.455000000000000071e+01	5.745499999999934548e-01	9.395300000000028628e-01	7.191900000000054360e-01	5.666000000000013248e-01
2.465000000000000213e+01	7.605800000000089156e-01	6.947499999999997566e-01	6.771199999999957253e-01	8.331999999999991635e-01
2.475000000000000000e+01	6.615400000000027925e-01	8.596500000000015795e-01	8.891700000000066773e-01	7.068799999999989536e-01
2.485000000000000142e+01	7.163600000000006629e-01	5.988100000000006196e-01	1.055770000000006315e+00	6.876000000000039858e-01
2.494999999999999929e+01	6.674500000000028743e-01	7.621300000000035268e-01	8.434299999999991249e-01	7.533300000000080487e-01
2.505000000000000071e+01	6.818399999999982253e-01	6.668700000000017392e-01	1.179680000000007167e+00	7.883199999999962460e-01
2.515000000000000213e+01	5.959600000000019326e-01	8.345800000000055396e-01	1.175359999999998406e+00	7.072600000000076603e-01
2.525000000000000000e+01	5.621000000000029306e-01	6.966700000000016768e-01	1.516960000000008080e+00	8.002199999999988211e-01
2.535000000000000142e+01	6.513900000000051316e-01	6.536000000000031784e-01	1.051700000000005852e+00	6.128200000000050274e-01
2.544999999999999929e+01	5.610700000000010679e-01	7.156800000000033135e-01	1.199259999999999549e+00	1.045670000000006761e+00
2.555000000000000071e+01	5.362799999999997569e-01	8.699000000000043364e-01	8.600100000000074907e-01	6.589200000000007273e-01
2.565000000000000213e+01	3.067900000000023386e-01	6.740299999999990188e-01	7.864199999999971213e-01	9.402800000000011149e-01
2.575000000000000000e+01	6.038199999999992462e-01	6.502100000000089475e-01	7.793900000000092421e-01	9.410900000000077537e-01
2.585000000000000142e+01	3.626600000000048118e-01	6.972199999999986186e-01	1.004840000000001510e+00	6.145299999999953577e-01
2.594999999999999929e+01	3.785900000000022025e-01	8.995999999999991781e-01	8.229500000000051774e-01	9.696600000000045183e-01
2.605000000000000071e+01	2.865200000000022174e-01	5.371100000000091912e-01	9.082299999999975393e-01	7.844800000000012874e-01
2.615000000000000213e+01	3.303199999999962277e-01	7.342499999999966276e-01	7.058900000000026820e-01	7.349300000000029698e-01
2.625000000000000000e+01	1.340000000000789778e-03	9.713400000000084189e-01	8.234300000000100983e-01	8.838700000000030421e-01
2.635000000000000142e+01	4.341600000000072068e-01	7.152400000000039837e-01	9.666799999999965420e-01	5.513100000000046297e-01
2.644999999999999929e+01	4.350800000000025758e-01	8.376100000000027412e-01	7.709900000000075027e-01	5.218200000000036143e-01
2.655000000000000071e+01	8.382799999999986929e-01	8.960000000000022391e-01	3.642600000000064120e-01	4.398100000000064735e-01
2.665000000000000213e+01	8.033700000000039143e-01	9.295899999999990282e-01	5.137199999999904065e-01	3.047799999999878384e-01
2.675000000000000000e+01	7.546300000000032426e-01	9.566100000000011816e-01	5.834600000000044195e-01	4.004100000000058168e-01
2.685000000000000142e+01	7.336600000000029764e-01	5.298400000000055288e-01	4.655600000000087446e-01	4.471900000000078035e-01
2.694999999999999929e+01	9.249900000000044198e-01	7.935200000000036669e-01	5.609299999999903807e-01	3.595600000000067076e-01
2.705000000000000071e+01	6.699599999999984457e-01	7.547699999999961662e-01	3.815400000000059855e-01	4.736199999999984867e-01
2.715000000000000213e+01	6.540900000000006154e-01	7.726900000000141988e-01	6.149899999999974831e-01	2.724399999999969624e-01
2.725000000000000000e+01	8.838900000000058377e-01	6.860700000000032883e-01	4.528600000000098658e-01	4.754099999999911175e-01
2.735000000000000142e+01	6.796700000000057695e-01	4.449799999999919375e-01	2.640599999999980185e-01	3.103300000000086545e-01
2.744999999999999929e+01	6.249099999999985222e-01	5.853100000000054370e-01	4.011400000000101551e-01	7.032800000000020146e-01
2.755000000000000071e+01	6.425799999999993739e-01	6.225200000000108425e-01	6.435999999999020282e-02	4.024399999999964672e-01
2.765000000000000213e+01	2.796800000000053688e-01	2.793699999999975647e-01	3.962400000000002032e-01	4.382100000000137552e-01
2.775000000000000000e+01	4.651900000000014357e-01	5.754299999999921145e-01	1.109600000000025566e-01	6.539399999999974122e-01
2.785000000000000142e+01	3.995100000000043616e-01	3.438000000000064338e-01	3.811200000000005694e-01	3.676899999999974078e-01
2.794999999999999929e+01	2.847799999999988119e-01	4.971800000000055064e-01	2.107400000000055618e-01	4.946000000000001506e-01
2.805000000000000071e+01	3.339300000000034463e-01	3.147599999999972642e-01	2.504899999999929960e-01	5.096000000000007191e-01
2.815000000000000213e+01	4.678799999999955217e-01	2.519599999999941886e-01	3.772000000000033104e-01	4.333700000000122454e-01
2.825000000000000000e+01	1.995099999999990215e-01	5.228100000000087677e-01	3.769600000000052908e-01	4.647799999999885356e-01
2.835000000000000142e+01	2.638000000000060852e-01	3.781000000000047656e-01	2.431700000000000805e-01	3.986100000000029064e-01
2.844999999999999929e+01	8.409999999999615006e-02	1.749399999999929345e-01	3.017200000000041515e-01	4.344700000000061291e-01
2.855000000000000071e+01	-5.258999999999699332e-02	3.022200000000029863e-01	2.063999999998962845e-02	3.385800000000050991e-01
2.865000000000000213e+01	2.048000000000279111e-02	2.412000000000000532e-01	4.918200000000023109e-01	1.047900000000016457e-01
2.875000000000000000e+01	1.037999999999964923e-01	2.129200000000082971e-01	1.367600000000029348e-01	2.748800000000005683e-01
2.885000000000000142e+01	3.643000000000298083e-02	4.382399999999913032e-01	1.819099999999991002e-01	4.391599999999955539e-01
2.894999999999999929e+01	-3.702999999999802977e-02	1.048800000000053440e-01	2.500900000000081391e-01	1.715399999999973057e-01
2.905000000000000071e+01	1.665499999999925651e-01	2.896499999999956887e-01	2.549600000000049604e-01	1.484000000000134933e-01
2.915000000000000213e+01	1.012000000000238577e-02	2.108000000000139484e-01	2.505199999999883076e-01	5.201999999999903368e-01
2.925000000000000000e+01	2.053000000000089822e-02	-1.541000000001352399e-02	1.671600000000067754e-01	9.330000000000315818e-02
2.935000000000000142e+01	2.009500000000049025e-01	2.999400000000040367e-01	1.255000000000454710e-02	2.542599999999959337e-01
2.944999999999999929e+01	3.129099999999962467e-01	1.300700000000003798e-01	4.617599999999927318e-01	1.987800000000035372e-01
2.955000000000000071e+01	3.927000000000027691e-01	7.438700000000002532e-01	-5.282999999998613111e-02	1.167300000000008608e-01
2.965000000000000213e+01	4.351600000000048762e-01	3.120900000000059737e-01	2.536199999999952936e-01	-8.442999999999786787e-02
2.975000000000000000e+01	4.576299999999927093e-01	5.050300000000103040e-01	5.969999999999608259e-02	1.726999999999995761e-01
2.985000000000000142e+01	2.671700000000152841e-01	3.698399999999870680e-01	1.912800000000032252e-01	3.152599999999960989e-01
2.994999999999999929e+01	4.365199999999995750e-01	3.566800000000127091e-01	-1.716000000000057063e-02	1.538400000000100798e-01
3.005000000000000071e+01	3.448699999999872423e-01	3.934199999999968278e-01	1.745900000000061847e-01	8.099999999977598860e-04
3.015000000000000213e+01	5.461300000000176569e-01	1.869400000000005502e-01	9.316000000000135284e-02	1.313799999999969714e-01
3.025000000000000000e+01	1.798200000000000631e-01	5.339099999999971091e-01	8.953000000000020664e-02	2.096700000000069897e-01
3.035000000000000142e+01	4.153999999999961612e-01	3.612000000000050171e-01	9.317999999998638483e-02	1.037499999999983852e-01
3.044999999999999929e+01	4.608000000000005980e-01	-3.748999999999127336e-02	2.027200000000036195e-01	2.357600000000034668e-01
3.055000000000000071e+01	1.794199999999974426e-01	1.529299999999983450e-01	5.682000000000029249e-01	1.948999999999941057e-01
3.065000000000000213e+01	1.442500000000107030e-01	2.583999999999884722e-01	3.835500000000116594e-01	1.602899999999968517e-01
3.075000000000000000e+01	9.620999999999248209e-02	1.970000000000034224e-02	6.448599999999894417e-01	2.459100000000100372e-01
3.085000000000000142e+01	2.785199999999942166e-01	2.197700000000154530e-01	3.860800000000011445e-01	9.401999999999721691e-02
3.094999999999999929e+01	2.047800000000073450e-01	1.621099999999847940e-01	5.064600000000059055e-01	2.887800000000072531e-01
3.105000000000000071e+01	1.509500000000057740e-01	4.974000000000717431e-02	5.863800000000040091e-01	1.551699999999917035e-01
3.115000000000000213e+01	1.072899999999958193e-01	1.321000000000087937e-01	5.907900000000075869e-01	2.682500000000063722e-01
3.125000000000000000e+01	1.697599999999971909e-01	2.605399999999856164e-01	4.196999999999932451e-01	1.452800000000037117e-01
3.135000000000000142e+01	1.894599999999975193e-01	-1.021999999999859965e-01	6.703800000000038617e-01	1.693299999999992589e-01
3.144999999999999929e+01	4.814000000001445595e-02	2.011399999999959332e-01	2.100800000000021261e-01	3.003200000000038616e-01
3.155000000000000071e+01	2.199800000000003974e-01	1.610600000000067811e-01	1.666700000000004567e-01	-1.025900000000138645e-01
3.165000000000000213e+01	3.148500000000009624e-01	-8.416000000000453674e-02	4.310999999999524934e-02	-1.491999999998943997e-02
3.175000000000000000e+01	2.293699999999895545e-01	2.926599999999989765e-01	-1.299399999999910904e-01	8.875999999999027723e-02
3.185000000000000142e+01	3.819600000000114015e-01	-1.689000000000723603e-02	7.761999999999630306e-02	7.601000000001105483e-02
3.194999999999999929e+01	2.374099999999942923e-01	1.709800000000078479e-01	-1.611899999999983069e-01	1.529999999991821106e-03
3.204999999999999716e+01	2.050099999999950851e-01	4.194999999999297208e-02	-1.880000000000066063e-01	-1.182500000000001605e-01
3.214999999999999858e+01	3.968599999999980477e-01	1.147399999999980241e-01	8.745000000001143525e-02	1.399600000000061351e-01
3.225000000000000000e+01	2.943900000000009842e-01	1.325900000000151124e-01	-1.993500000000033023e-01	-1.118300000000087141e-01
3.234999999999999432e+01	3.224200000000022048e-01	-2.249000000000841645e-02	-9.834000000001487385e-02	7.463000000001356049e-02
3.244999999999999574e+01	3.406900000000069317e-01	1.242599999999964844e-01	1.481500000000051942e-01	-9.085999999999959387e-02
3.254999999999999716e+01	1.366200000000011017e-01	4.407900000000013474e-01	6.147999999999619741e-02	2.800000000000589778e-03
3.264999999999999858e+01	3.497100000000065156e-01	-4.661999999999738575e-02	-1.744999999999669732e-02	1.258599999999892027e-01
3.275000000000000000e+01	2.414399999999980728e-01	3.324699999999947697e-01	2.540400000000007097e-01	2.485599999999985599e-01
3.284999999999999432e+01	1.186899999999906086e-01	7.267000000000604920e-02	1.099900000000001987e-01	-7.698999999998817900e-02
3.294999999999999574e+01	1.662500000000128042e-01	5.765000000000262970e-02	1.476900000000119506e-01	-1.581200000000043682e-01
3.304999999999999716e+01	3.055200000000024563e-01	1.843700000000054740e-01	3.169999999999018048e-02	-4.272000000000290842e-02
3.314999999999999858e+01	4.652000000000117153e-02	8.625999999999608980e-02	1.986300000000092159e-01	6.057999999999474222e-02
3.325000000000000000e+01	3.239400000000015045e-01	2.608099999999967111e-01	-7.473000000000977472e-02	-6.192999999999693195e-02
3.334999999999999432e+01	1.175099999999855427e-01	9.287999999999774214e-02	2.501100000000109347e-01	7.953999999999822323e-02
3.344999999999999574e+01	9.176000000000104906e-02	5.808000000000056173e-02	3.252999999999073993e-02	1.124900000000121497e-01
3.354999999999999716e+01	2.398000000001241153e-02	-2.172000000000026132e-01	1.262600000000095868e-01	4.290900000000001380e-01
3.364999999999999858e+01	1.247399999999925235e-01	2.390900000000159842e-01	-1.191900000000072207e-01	6.087499999999955724e-01
3.375000000000000000e+01	-9.926000000000136103e-02	1.127599999999877173e-01	9.359999999993850670e-03	2.540899999999988168e-01
3.384999999999999432e+01	2.223200000000077337e-01	7.320000000010677341e-03	1.565800000000022729e-01	5.593100000000126304e-01
3.394999999999999574e+01	-2.669700000000050921e-01	-8.312000000000126232e-02	-1.905999999999969940e-01	2.941599999999954806e-01
3.404999999999999716e+01	2.338300000000090306e-01	1.224899999999888717e-01	5.102000000000846136e-02	4.067000000000057236e-01
3.414999999999999858e+01	-1.827500000000099323e-01	-2.316999999999688753e-02	-4.575000000000899875e-02	1.360000000000032711e-02
3.425000000000000000e+01	1.797999999999972676e-01	-2.015800000000041448e-01	4.563000000000998896e-02	5.282800000000006380e-01
3.434999999999999432e+01	-2.032999999999958729e-01	1.898400000000151078e-01	-1.426300000000151891e-01	1.544200000000023332e-01
3.444999999999999574e+01	8.285000000000793119e-02	-7.489000000001437563e-02	8.100999999999942969e-02	4.111699999999999244e-01
3.454999999999999716e+01	2.349999999999860534e-01	5.310000000001498938e-02	2.804000000000083093e-01	5.203099999999968306e-01
3.464999999999999858e+01	2.441700000000155135e-01	4.266699999999993831e-01	1.849700000000005229e-01	2.954699999999920723e-01
3.475000000000000000e+01	3.140099999999901303e-01	-1.580700000000062611e-01	1.783100000000110430e-01	3.426500000000144430e-01
3.484999999999999432e+01	3.738100000000001977e-01	2.142699999999927163e-01	1.717999999999981209e-01	4.430900000000030925e-01
3.494999999999999574e+01	1.664900000000108238e-01	1.535800000000092647e-01	1.587999999999928358e-01	3.388700000000012258e-01
3.504999999999999716e+01	3.278800000000015591e-01	2.165399999999991776e-01	2.998000000000022314e-01	3.027099999999915414e-01
3.514999999999999858e+01	1.426199999999871459e-01	-5.682999999999458624e-02	1.888499999999921908e-01	3.250700000000084633e-01
3.525000000000000000e+01	2.543400000000071159e-01	1.066799999999904908e-01	6.601000000001656931e-02	3.051999999999932545e-01
3.534999999999999432e+01	3.067200000000103177e-01	3.830199999999997496e-01	1.409499999999935249e-01	4.849000000000120436e-01
3.544999999999999574e+01	5.105999999999628891e-02	-5.649999999999286843e-02	2.710699999999919840e-01	5.682000000000207024e-02
3.554999999999999716e+01	2.807299999999922635e-01	1.401599999999985635e-01	2.280999999999985470e-02	4.394399999999991646e-01
3.564999999999999858e+01	3.410000000000591031e-02	4.174300000000045752e-01	3.342800000000079597e-01	3.021699999999871156e-01
3.575000000000000000e+01	1.178999999999956472e-01	1.472099999999981479e-01	4.293000000000028460e-01	-1.770099999999892038e-01
3.584999999999999432e+01	3.478900000000008097e-01	2.627299999999986313e-01	4.163600000000060031e-01	1.078899999999908821e-01
3.594999999999999574e+01	2.330000000000617688e-02	3.006500000000055794e-01	1.118299999999909505e-01	2.625000000000108913e-01
3.604999999999999716e+01	2.488900000000002777e-01	3.551300000000003343e-01	1.787100000000136635e-01	1.106099999999980432e-01
3.614999999999999858e+01	1.301100000000059709e-01	9.883999999999594499e-02	5.521899999999944075e-01	9.653999999999419990e-02
3.625000000000000000e+01	1.606199999999985695e-01	3.211500000000112043e-01	2.701800000000008084e-01	1.088000000000026168e-01
3.634999999999999432e+01	9.850000000000171119e-02	2.828199999999913006e-01	3.147000000000244047e-02	1.036000000000040638e-01
3.644999999999999574e+01	9.978999999999552117e-02	2.129500000000036086e-01	3.829400000000063309e-01	1.058500000000077018e-01
3.654999999999999716e+01	2.584799999999996545e-01	9.883000000000342899e-02	1.053899999999966947e-01	1.229399999999895993e-01
3.664999999999999858e+01	-7.911999999999280719e-02	1.422700000000003961e-01	4.934000000000455383e-02	2.595999999999963337e-01
3.675000000000000000e+01	1.382199999999938478e-01	-1.793000000001050004e-02	6.409999999998938769e-02	1.676500000000130941e-01
3.684999999999999432e+01	3.245800000000021446e-01	1.434800000000007736e-01	1.590000000000030278e-01	9.589000000000104385e-02
3.694999999999999574e+01	-8.675999999999492451e-02	1.385400000000030496e-01	2.137899999999966771e-01	2.127899999999990077e-01
3.704999999999999716e+01	7.782999999999901108e-02	-1.413099999999905543e-01	7.972999999999813570e-02	2.272799999999905174e-01
3.714999999999999858e+01	2.273600000000016996e-01	-3.422000000000492703e-02	4.980000000001556099e-02	1.213800000000024720e-01
3.725000000000000000e+01	1.117999999999956390e-01	1.627300000000004021e-01	-9.233000000000080032e-02	9.455000000000912674e-02
3.734999999999999432e+01	-1.683399999999941055e-01	-1.981000000000683603e-02	3.999399999999845301e-01	1.174099999999893285e-01
3.744999999999999574e+01	8.563999999999824531e-02	3.477000000000008972e-01	1.450900000000037993e-01	2.200299999999985046e-01
3.754999999999999716e+01	2.202199999999984170e-01	1.301600000000040780e-01	1.236399999999986399e-01	-8.240999999999971959e-02
3.764999999999999858e+01	2.588800000000022750e-01	1.520299999999968621e-01	2.607600000000163676e-01	3.248500000000132393e-01
3.775000000000000000e+01	-1.834000000000563999e-02	1.328300000000131320e-01	4.976999999998472229e-02	1.597699999999951936e-01
3.784999999999999432e+01	2.446600000000040687e-01	2.672299999999881437e-01	1.404300000000096582e-01	-2.857999999999815202e-02
3.794999999999999574e+01	-1.856000000000086400e-02	7.190000000001387122e-03	1.456699999999960526e-01	5.086999999999637645e-02
3.804999999999999716e+01	1.651000000000030499e-01	3.253000000000139669e-01	-7.965999999999723302e-02	-1.124500000000065586e-01
3.814999999999999858e+01	-6.574000000000547461e-02	-1.435999999999997868e-02	1.086500000000082955e-01	-7.282999999999288654e-02
3.825000000000000000e+01	2.551700000000076685e-01	2.536999999999887123e-01	2.277699999999968361e-01	7.906999999999470008e-02
3.834999999999999432e+01	-3.645999999999829239e-02	9.062000000000157429e-02	1.219199999999891343e-01	1.732600000000067975e-01
3.844999999999999574e+01	1.703699999999847559e-01	3.733700000000097496e-01	1.111600000000127486e-01	2.820000000003385337e-03
3.854999999999999716e+01	-9.803999999999070403e-02	4.267100000000049742e-01	-5.871000000000868579e-02	1.104299999999906468e-01
3.864999999999999858e+01	1.379700000000033122e-01	5.647799999999867371e-01	1.016599999999993342e-01	2.879400000000141846e-01
3.875000000000000000e+01	2.777899999999898784e-01	6.474400000000125610e-01	-1.730000000000237598e-02	3.876299999999957557e-01
3.884999999999999432e+01	-1.925999999999213064e-02	6.228699999999975923e-01	6.968999999999805905e-02	2.217899999999958238e-01
3.894999999999999574e+01	2.270000000000046703e-01	6.652700000000090208e-01	6.934000000001130926e-02	4.547600000000089904e-01
3.904999999999999716e+01	-7.940000000008523573e-03	6.034399999999905395e-01	1.160499999999946297e-01	-1.274000000000445956e-02
3.914999999999999858e+01	-4.349999999995206659e-03	4.697200000000040232e-01	-1.665099999999958558e-01	2.692300000000012461e-01
3.925000000000000000e+01	3.317500000000007110e-01	5.758700000000003261e-01	1.659599999999989139e-01	2.752800000000031888e-01
3.934999999999999432e+01	-4.770000000000624435e-03	4.661800000000065891e-01	-7.339999999999262392e-02	1.970299999999987339e-01
3.944999999999999574e+01	4.030000000003767548e-03	6.214400000000019908e-01	5.293999999999262490e-02	9.145999999999464281e-02
3.954999999999999716e+01	9.048999999999228494e-02	-1.930999999999023775e-02	2.918900000000068107e-01	1.147200000000129921e-01
3.964999999999999858e+01	2.426200000000031387e-01	3.438699999999895729e-01	2.281399999999863815e-01	4.495999999999627378e-02
3.975000000000000000e+01	6.146000000001116542e-02	1.921300000000066011e-01	1.416000000000044445e-01	2.236800000000024602e-01
3.984999999999999432e+01	8.285999999998268362e-02	2.082899999999917318e-01	1.086000000000101884e-01	1.067999999999895006e-01
3.994999999999999574e+01	3.990200000000158065e-01	2.395200000000139162e-01	1.984099999999962283e-01	2.707700000000033413e-01
4.004999999999999716e+01	8.753999999999736992e-02	9.188999999999258872e-02	1.959500000000076458e-01	1.586999999999966215e-01
4.014999999999999858e+01	-6.800000000000162859e-02	2.188600000000037182e-01	9.029999999999237248e-02	9.139000000001150370e-02
4.025000000000000000e+01	3.716299999999974624e-01	2.094999999999921092e-01	9.689999999995570212e-03	1.700299999999905221e-01
4.034999999999999432e+01	-1.780000000000121069e-02	2.385800000000068699e-01	6.740000000000657965e-02	-1.289999999999840441e-01
4.044999999999999574e+01	1.606000000000668004e-02	2.555100000000019023e-01	3.483299999999912577e-01	1.417599999999912819e-01
4.054999999999999716e+01	4.010599999999989729e-01	-1.302000000000807199e-02	8.131000000000583594e-02	2.314499999999961033e-01
4.064999999999999858e+01	1.848900000000071042e-01	3.644900000000119156e-01	3.722900000000008980e-01	5.150000000000450225e-03
4.075000000000000000e+01	-9.278000000000152792e-02	1.393599999999933226e-01	3.394899999999990703e-01	3.399399999999997979e-01
4.084999999999999432e+01	2.186000000000028892e-02	3.499799999999998468e-01	2.047000000000139264e-01	2.007000000000054851e-01
4.094999999999999574e+01	1.610900000000020926e-01	8.313000000001154188e-02	3.588699999999901968e-01	1.572900000000038157e-01
4.104999999999999716e+01	4.240999999998622261e-02	1.455200000000017313e-01	9.047999999999976894e-02	3.778499999999964665e-01
4.114999999999999858e+01	1.335900000000127819e-01	1.020299999999888796e-01	3.246300000000002517e-01	-3.467000000000565463e-02
4.125000000000000000e+01	4.749999999997828008e-03	1.361300000000125465e-01	2.153400000000090797e-01	6.221000000000054264e-02
4.134999999999999432e+01	4.866999999999083865e-02	2.235199999999978593e-01	5.077000000000015945e-01	3.083400000000058316e-01
4.144999999999999574e+01	-2.319999999999219908e-02	2.670700000000013064e-01	3.150800000000064660e-01	9.394999999999631424e-02
4.154999999999999716e+01	1.258299999999938912e-01	2.182499999999983897e-01	8.137999999999963041e-01	1.107100000000120210e-01
4.164999999999999858e+01	8.092000000001349502e-02	5.209999999999955639e-02	8.149700000000088540e-01	2.307399999999945606e-01
4.175000000000000000e+01	1.514899999999924363e-01	4.014800000000043889e-01	5.854100000000016513e-01	-8.262999999999494360e-02
4.184999999999999432e+01	2.456499999999914585e-01	2.727699999999986802e-01	5.592799999999995553e-01	1.025600000000007894e-01
4.194999999999999574e+01	1.450000000000178646e-01	2.260199999999920328e-01	8.378100000000040515e-01	5.414999999999300928e-02
4.204999999999999716e+01	6.917999999998894478e-02	1.432000000000149265e-01	5.354200000000038928e-01	-1.635000000000281020e-02
4.214999999999999858e+01	1.516400000000045212e-01	3.131799999999895778e-01	7.717800000000024641e-01	1.298500000000051557e-01
4.225000000000000000e+01	1.367300000000076232e-01	2.279799999999995441e-01	5.605299999999877603e-01	-1.193100000000062305e-01
4.234999999999999432e+01	-4.900000000009913786e-03	4.731000000001389649e-02	4.945400000000095275e-01	1.136400000000041405e-01
4.244999999999999574e+01	2.111900000000062894e-01	2.805399999999923510e-01	3.351299999999935442e-01	8.686000000000890231e-02
4.254999999999999716e+01	3.403499999999949344e-01	1.234499999999987274e-01	2.289000000000037949e-01	2.081899999999955175e-01
4.264999999999999858e+01	-8.112000000000592348e-02	1.695199999999991713e-01	4.633300000000079022e-01	2.500200000000072365e-01
4.275000000000000000e+01	8.230000000004651997e-03	2.179100000000041559e-01	1.105399999999971405e-01	2.803199999999971270e-01
4.284999999999999432e+01	7.447000000000895958e-02	1.823199999999942367e-01	3.463099999999931233e-01	1.410899999999953303e-01
4.294999999999999574e+01	2.232399999999942486e-01	-4.345999999999976271e-02	1.515600000000111025e-01	1.578100000000054459e-01
4.304999999999999716e+01	-7.220000000000251217e-02	2.350800000000149992e-01	3.425099999999948741e-01	9.328000000000036263e-02
4.314999999999999858e+01	1.527800000000040237e-01	1.671299999999937003e-01	1.388799999999972834e-01	2.691199999999947523e-01
4.325000000000000000e+01	6.035000000000700221e-02	6.804999999999973570e-02	3.634900000000142462e-01	-3.114000000000072266e-02
4.334999999999999432e+01	1.568399999999853245e-01	3.076199999999940093e-01	1.237800000000004452e-01	3.719700000000094597e-01
4.344999999999999574e+01	2.422300000000107978e-01	1.857000000001114356e-02	3.831499999999912753e-01	1.880300000000019178e-01
4.354999999999999716e+01	-1.173700000000015009e-01	-2.230000000000850226e-03	3.802500000000121894e-01	-9.680000000003054217e-03
4.364999999999999858e+01	2.586699999999995669e-01	3.492999999999936156e-01	3.210799999999925380e-01	1.404600000000049698e-01
4.375000000000000000e+01	1.211200000000016569e-01	-1.643999999999940231e-01	6.263200000000090917e-01	1.921499999999916330e-01
4.384999999999999432e+01	2.145400000000038110e-01	3.270399999999907270e-01	4.331499999999992578e-01	3.338000000001185158e-02
4.394999999999999574e+01	2.495399999999934337e-01	4.256000000001607109e-02	5.570200000000034013e-01	2.989999999998726662e-02
4.404999999999999716e+01	1.820600000000111851e-01	1.442899999999985305e-01	2.766300000000053716e-01	2.250500000000074385e-01
4.414999999999999858e+01	1.330999999999886996e-01	1.403999999999965831e-01	4.979799999999929838e-01	-9.132000000001060103e-02
4.425000000000000000e+01	-8.742999999999087613e-02	-3.600999999999755785e-02	3.880000000000030647e-01	9.844000000001108808e-02
4.434999999999999432e+01	3.248499999999954757e-01	1.811200000000041388e-01	4.255200000000073923e-01	2.167899999999897132e-01
4.444999999999999574e+01	1.184899999999981801e-01	2.126799999999925139e-01	2.586799999999920829e-01	-1.515999999998745955e-02
4.454999999999999716e+01	2.998999999999984456e-01	7.597000000000546371e-02	3.020500000000058693e-01	-3.764000000000335827e-02
4.464999999999999858e+01	2.048700000000110433e-01	3.762000000000056271e-02	1.656499999999999917e-01	1.702000000000054025e-01
4.475000000000000000e+01	-1.805000000000950983e-02	6.497999999998806120e-02	-9.538000000000967926e-02	2.439500000000025259e-01
4.484999999999999432e+01	4.356400000000009154e-01	1.504400000000144233e-01	1.841700000000130455e-01	3.232699999999877893e-01
4.494999999999999574e+01	2.557300000000148898e-01	5.580999999999412126e-02	8.813999999999243273e-02	3.538000000000719736e-02
4.504999999999999716e+01	1.322899999999909426e-01	5.749999999999053785e-02	-3.555000000000431426e-02	1.789499999999939195e-01
4.514999999999999858e+01	2.996800000000032216e-01	1.272600000000072562e-01	1.842300000000036686e-01	3.029100000000017334e-01
4.525000000000000000e+01	9.190999999999538428e-02	4.609999999999575548e-02	9.218999999999899497e-02	2.176000000000407469e-02
4.534999999999999432e+01	2.681800000000054696e-01	-4.289999999999254132e-02	3.189000000000785651e-02	3.078999999999620929e-02
4.544999999999999574e+01	1.395999999999735820e-02	3.832300000000024576e-01	-6.071000000000403157e-02	2.861799999999991018e-01
4.554999999999999716e+01	4.214800000000111235e-01	3.766800000000016801e-01	4.608999999999968122e-01	2.483900000000014430e-01
4.564999999999999858e+01	7.544999999998606988e-02	3.497100000000065156e-01	1.584599999999986020e-01	2.598900000000102239e-01
4.575000000000000000e+01	3.580300000000148919e-01	2.226099999999860968e-01	2.437200000000147859e-01	7.778999999999341997e-02
4.584999999999999432e+01	1.253799999999931636e-01	4.601400000000149260e-01	1.600200000000034928e-01	6.728000000000756986e-02
4.594999999999999574e+01	2.886799999999932753e-01	3.144599999999908579e-01	2.281199999999835859e-01	1.917100000000011850e-01
4.604999999999999716e+01	1.952700000000014147e-01	3.225400000000012146e-01	-4.240999999998622261e-02	4.046999999999926351e-02
4.614999999999999858e+01	1.326500000000057355e-01	9.764999999999836311e-02	3.081899999999937467e-01	2.012199999999893518e-01
4.625000000000000000e+01	1.456400000000007411e-01	1.820600000000111851e-01	1.813899999999974699e-01	8.099000000001439770e-02
4.634999999999999432e+01	1.197800000000097537e-01	3.195999999999987740e-01	2.141800000000067816e-01	1.925899999999998446e-01
4.644999999999999574e+01	5.581199999999972849e-01	1.610599999999890175e-01	2.567700000000003868e-01	2.945399999999953056e-01
4.654999999999999716e+01	1.307899999999944385e-01	1.166200000000121306e-01	1.927199999999913704e-01	2.521600000000043806e-01
4.664999999999999858e+01	3.905200000000000338e-01	1.336500000000034050e-01	1.913900000000097190e-01	5.021900000000041331e-01
4.675000000000000000e+01	2.982100000000020290e-01	2.135000000000005504e-01	3.755199999999994098e-01	1.091699999999921622e-01
4.684999999999999432e+01	3.667700000000108651e-01	3.294700000000017615e-01	2.602100000000016622e-01	3.500600000000110290e-01
4.694999999999999574e+01	5.014999999999876223e-01	3.610999999999377208e-02	2.547599999999947684e-01	3.195799999999959784e-01
4.704999999999999716e+01	4.159700000000136622e-01	1.854999999999946692e-01	2.726000000000015633e-01	1.163399999999907564e-01
4.714999999999999858e+01	3.366999999999910065e-01	1.438200000000127710e-01	2.436600000000063992e-01	2.419600000000174667e-01
4.725000000000000000e+01	3.078200000000042014e-01	1.403799999999937875e-01	3.142700000000087091e-01	2.989199999999858082e-01
4.734999999999999432e+01	5.470600000000145346e-01	2.046299999999952601e-01	1.573499999999944388e-01	2.084300000000113007e-01
4.744999999999999574e+01	2.851199999999930457e-01	7.495000000000499873e-02	1.401599999999985635e-01	2.752800000000031888e-01
4.754999999999999716e+01	2.922500000000038400e-01	1.841600000000027659e-01	2.481700000000062190e-01	4.833399999999893892e-01
4.764999999999999858e+01	3.007500000000017937e-01	8.295999999999666141e-02	3.301800000000033042e-01	2.486299999999994625e-01
4.775000000000000000e+01	3.061499999999928168e-01	1.747199999999977105e-01	2.722099999999914588e-01	1.387200000000104461e-01
4.784999999999999432e+01	3.465899999999967340e-01	3.020300000000030738e-01	4.396400000000093566e-01	1.783700000000016661e-01
4.794999999999999574e+01	1.565100000000013702e-01	9.183000000000196561e-02	1.141499999999954912e-01	2.337999999999959555e-01
4.804999999999999716e+01	4.203300000000013692e-01	1.858000000000365956e-02	2.811700000000004751e-01	2.547200000000069409e-01
4.814999999999999858e+01	2.282100000000050477e-01	2.129599999999961246e-01	1.642000000000371288e-02	2.476199999999915136e-01
4.825000000000000000e+01	4.954700000000062943e-01	9.285000000000243059e-02	3.283500000000050822e-01	2.268199999999972738e-01
4.834999999999999432e+01	2.720000000000065143e-01	2.203199999999946312e-01	2.519599999999941886e-01	2.817700000000132876e-01
4.844999999999999574e+01	1.495499999999877205e-01	-1.818000000000103908e-02	1.326800000000010471e-01	1.503100000000051339e-01
4.854999999999999716e+01	2.069499999999998008e-01	3.167300000000150551e-01	1.055299999999985000e-01	4.708799999999885300e-01
4.864999999999999858e+01	3.879000000001311954e-02	1.134699999999892600e-01	2.761199999999962573e-01	1.375600000000081757e-01
4.875000000000000000e+01	3.265000000000040647e-01	3.869200000000119766e-01	2.279300000000014370e-01	3.074099999999913013e-01
4.884999999999999432e+01	3.735000000000012754e-01	9.352999999999089820e-02	8.937000000001336930e-02	1.460200000000005660e-01
4.894999999999999574e+01	9.150999999999274992e-02	2.495700000000065089e-01	2.762199999999924716e-01	9.478000000001463032e-02
4.904999999999999716e+01	2.698599999999916066e-01	-4.520000000010087997e-03	1.722400000000063325e-01	1.784799999999903963e-01
4.914999999999999858e+01	3.180700000000069583e-01	2.663100000000016565e-01	2.083999999999982047e-02	2.102499999999992430e-01
4.925000000000000000e+01	2.496000000000018204e-01	1.283900000000142150e-01	2.721099999999952446e-01	1.444400000000106155e-01
4.934999999999999432e+01	1.253100000000100245e-01	2.544599999999883622e-01	1.376699999999969060e-01	5.312999999999253736e-02
4.944999999999999574e+01	2.546499999999882746e-01	3.697900000000067244e-01	1.361600000000078581e-01	2.361400000000032917e-01
4.954999999999999716e+01	2.696400000000141461e-01	1.321599999999994168e-01	4.459499999999943509e-01	1.614700000000019176e-01
4.964999999999999858e+01	1.412399999999896516e-01	5.733599999999958730e-01	1.621600000000006647e-01	2.232300000000017326e-01
4.975000000000000000e+01	2.920300000000086160e-01	3.941000000000030590e-01	5.006000000000039307e-01	3.356099999999895833e-01
4.984999999999999432e+01	3.198399999999967935e-01	3.787300000000128897e-01	2.856099999999993644e-01	1.487100000000124156e-01
4.994999999999999574e+01	1.191599999999941456e-01	3.982199999999927464e-01	4.886199999999991106e-01	2.907399999999970563e-01
5.004999999999999716e+01	1.019800000000085360e-01	3.359299999999987851e-01	2.444700000000041562e-01	1.096300000000031694e-01
5.014999999999999858e+01	2.970499999999997587e-01	4.839800000000077929e-01	4.502200000000138869e-01	2.543299999999968364e-01
5.025000000000000000e+01	2.462899999999921263e-01	2.328699999999991888e-01	3.179299999999873894e-01	1.975900000000059553e-01
5.034999999999999432e+01	6.077000000001241825e-02	2.950300000000016243e-01	3.050200000000036216e-01	-1.813000000000293196e-02
5.044999999999999574e+01	3.226699999999927404e-01	3.935300000000033216e-01	1.870500000000070440e-01	3.599200000000037369e-01
5.054999999999999716e+01	2.554100000000056880e-01	2.056600000000060047e-01	4.223999999999976107e-01	2.445900000000031660e-01
5.064999999999999858e+01	1.695800000000075580e-01	2.219999999999452620e-02	5.496300000000096109e-01	3.898500000000040822e-01
5.075000000000000000e+01	3.742399999999981297e-01	3.144000000000002348e-01	1.274100000000015775e-01	3.112399999999848621e-01
5.084999999999999432e+01	2.522299999999875197e-01	2.246200000000095065e-01	3.229399999999860715e-01	1.716300000000010040e-01
5.094999999999999574e+01	8.894000000001543726e-02	1.326199999999926604e-01	1.446100000000077601e-01	3.595900000000020191e-01
5.104999999999999716e+01	2.961700000000010990e-01	1.489199999999973600e-01	2.967699999999961480e-01	3.216500000000100390e-01
5.114999999999999858e+01	2.334699999999942377e-01	1.721099999999970431e-01	2.239300000000107593e-01	2.915400000000022973e-01
5.125000000000000000e+01	2.568800000000068806e-01	2.878200000000151748e-01	3.970999999999960672e-01	1.431799999999943673e-01
5.134999999999999432e+01	2.862099999999944133e-01	1.837799999999851774e-01	3.164100000000058532e-01	3.194400000000119366e-01
5.144999999999999574e+01	4.691200000000089743e-01	1.132000000000136924e-01	2.818199999999936312e-01	3.351799999999916513e-01
5.154999999999999716e+01	5.008299999999916707e-01	2.942999999999972860e-01	2.140299999999946967e-01	-2.746999999999398534e-02
5.164999999999999858e+01	8.510000000000091935e-01	2.229200000000028103e-01	3.246700000000058428e-01	2.902100000000029101e-01
5.175000000000000000e+01	4.957899999999977325e-01	1.944799999999886897e-01	2.221100000000050256e-01	2.932399999999912299e-01
5.184999999999999432e+01	6.152100000000104707e-01	2.089100000000073398e-01	3.576600000000075830e-01	2.491299999999982973e-01
5.194999999999999574e+01	7.208200000000023477e-01	1.427499999999964353e-01	1.445699999999844054e-01	1.297300000000061460e-01
5.204999999999999716e+01	6.103100000000005743e-01	2.001200000000132317e-01	2.609000000000181729e-01	2.197800000000079690e-01
5.214999999999999858e+01	8.232899999999994112e-01	2.530099999999899651e-01	1.500899999999921464e-01	1.763699999999885637e-01
5.225000000000000000e+01	4.762299999999991540e-01	8.218000000001197958e-02	4.060199999999994924e-01	2.151500000000091672e-01
5.234999999999999432e+01	6.471200000000033592e-01	1.184199999999972774e-01	8.812000000000740074e-02	1.994299999999967210e-01
5.244999999999999574e+01	5.343399999999950412e-01	3.786599999999942234e-01	4.688700000000006751e-01	2.110599999999970000e-01
5.254999999999999716e+01	2.829700000000033855e-01	2.992099999999996984e-01	2.791899999999901683e-01	4.844800000000066276e-01
5.264999999999999858e+01	4.718600000000011674e-01	3.357000000000110451e-01	3.939300000000059421e-01	2.347100000000076903e-01
5.275000000000000000e+01	3.656500000000141859e-01	2.959699999999909070e-01	4.617600000000104954e-01	5.077599999999922176e-01
5.284999999999999432e+01	5.613900000000013879e-01	4.401999999999988145e-01	4.415999999999991044e-01	4.015300000000024960e-01
5.294999999999999574e+01	3.951399999999885559e-01	2.489000000000105572e-01	3.909099999999923747e-01	5.178899999999960757e-01
5.304999999999999716e+01	5.056300000000053529e-01	2.451499999999926238e-01	3.100900000000106349e-01	3.713300000000088197e-01
5.314999999999999858e+01	2.524600000000107869e-01	5.261800000000090849e-01	4.021999999999984476e-01	2.914099999999930080e-01
5.325000000000000000e+01	5.350799999999918954e-01	2.033999999999920871e-01	2.341000000000023618e-01	2.365200000000031166e-01
5.334999999999999432e+01	7.925000000000209655e-02	2.717200000000029037e-01	3.189599999999981339e-01	5.936400000000062738e-01
5.344999999999999574e+01	4.019500000000079121e-01	1.993000000000051952e-01	3.584399999999922648e-01	2.965200000000056124e-01
5.354999999999999716e+01	4.567400000000015337e-01	4.009899999999980702e-01	2.390200000000150815e-01	3.485099999999986542e-01
5.364999999999999858e+01	1.920599999999879348e-01	2.748400000000127408e-01	3.333299999999906338e-01	4.592000000000078797e-01
5.375000000000000000e+01	2.917900000000105964e-01	2.272299999999924103e-01	4.438400000000102263e-01	4.500499999999990064e-01
5.384999999999999432e+01	3.288500000000039170e-01	4.397499999999980869e-01	4.043899999999936989e-01	3.953899999999968551e-01
5.394999999999999574e+01	4.346799999999910735e-01	-3.619999999999747725e-02	9.921999999999576991e-02	4.064600000000077040e-01
5.404999999999999716e+01	2.499700000000091293e-01	3.314899999999998959e-01	2.765100000000063618e-01	3.775699999999928558e-01
5.414999999999999858e+01	3.647199999999996556e-01	2.705100000000025262e-01	3.802199999999991142e-01	3.752200000000107671e-01
5.425000000000000000e+01	1.031700000000061179e-01	2.238099999999939860e-01	4.035100000000128029e-01	5.540499999999879410e-01
5.434999999999999432e+01	3.744899999999886653e-01	2.712400000000068645e-01	7.109999999999086495e-02	1.792000000000022186e-01
5.444999999999999574e+01	3.286800000000068001e-01	2.802600000000065039e-01	3.846200000000102315e-01	1.530800000000104300e-01
5.454999999999999716e+01	1.290200000000046032e-01	1.844000000000007855e-01	3.597899999999944476e-01	4.798899999999956534e-01
5.464999999999999858e+01	6.145399999999967555e-01	1.790999999999882408e-01	2.097799999999957199e-01	1.938200000000030176e-01
5.475000000000000000e+01	4.229800000000076277e-01	3.649200000000098476e-01	2.985800000000093379e-01	1.631800000000011297e-01
5.484999999999999432e+01	2.687699999999902389e-01	3.441499999999931836e-01	2.526600000000032153e-01	3.983900000000076269e-01
5.494999999999999574e+01	3.723600000000018007e-01	3.830700000000156202e-01	4.270700000000020036e-01	2.135099999999930664e-01
5.504999999999999716e+01	4.916099999999996029e-01	2.858799999999926955e-01	2.023699999999991062e-01	4.073900000000044708e-01
5.514999999999999858e+01	3.620500000000083651e-01	2.131499999999960371e-01	3.342799999999901961e-01	2.179999999999900906e-01
5.525000000000000000e+01	3.053399999999950598e-01	3.180400000000116467e-01	3.071400000000157338e-01	2.153100000000137682e-01
5.534999999999999432e+01	2.073600000000127286e-01	2.093099999999921967e-01	3.200999999999976087e-01	2.785399999999970122e-01
5.544999999999999574e+01	3.793600000000032502e-01	2.258600000000051955e-01	4.792000000000146837e-02	2.758399999999926466e-01
5.554999999999999716e+01	4.063999999999993173e-01	3.151899999999951962e-01	4.007399999999897711e-01	2.987100000000008637e-01
5.564999999999999858e+01	3.003299999999963776e-01	2.369100000000132211e-01	3.525800000000080536e-01	4.270800000000122831e-01
5.575000000000000000e+01	2.434099999999981001e-01	4.323899999999996080e-01	2.593899999999936257e-01	2.695199999999973728e-01
5.584999999999999432e+01	4.325700000000070045e-01	2.886499999999979638e-01	3.501300000000119317e-01	4.537400000000085254e-01
5.594999999999999574e+01	1.398599999999921573e-01	3.235899999999969912e-01	3.299200000000024890e-01	2.786699999999885380e-01
5.604999999999999716e+01	2.574300000000038224e-01	7.951999999999542768e-02	2.615400000000010494e-01	4.208400000000104835e-01
5.614999999999999858e+01	4.419200000000083062e-01	5.887800000000019685e-01	3.408499999999937691e-01	4.537000000000029343e-01
5.625000000000000000e+01	1.030699999999921401e-01	-2.906999999998671064e-02	2.725799999999987677e-01	3.044399999999935491e-01
5.634999999999999432e+01	2.997200000000088127e-01	1.742499999999941873e-01	3.055200000000024563e-01	2.817300000000076965e-01
5.644999999999999574e+01	2.243599999999909278e-01	1.727200000000023716e-01	2.484300000000070341e-01	4.769400000000007522e-01
5.654999999999999716e+01	5.169500000000067930e-01	5.809900000000055575e-01	4.137899999999931078e-01	1.572099999999926334e-01
5.664999999999999858e+01	4.004600000000039239e-01	1.424999999999881362e-01	4.973200000000073118e-01	4.560600000000130660e-01
5.675000000000000000e+01	5.143900000000041217e-01	1.596900000000017750e-01	3.403400000000024184e-01	1.857399999999926887e-01
5.684999999999999432e+01	2.050199999999876010e-01	3.781500000000028727e-01	3.346700000000003006e-01	3.479699999999942284e-01
5.694999999999999574e+01	5.036600000000053257e-01	3.687700000000062595e-01	3.247700000000020570e-01	4.194400000000101936e-01
5.704999999999999716e+01	3.755199999999994098e-01	2.124200000000094624e-01	3.650900000000069645e-01	2.760800000000084298e-01
5.714999999999999858e+01	3.929800000000063798e-01	1.765399999999856806e-01	4.420700000000026275e-01	2.757299999999861528e-01
5.725000000000000000e+01	4.388400000000041157e-01	2.433599999999999930e-01	1.596200000000008723e-01	3.286400000000012089e-01
5.734999999999999432e+01	1.494300000000064743e-01	3.887800000000055101e-01	6.110999999998888849e-02	2.756800000000058093e-01
5.744999999999999574e+01	4.826999999999887492e-01	4.257600000000054119e-01	4.249800000000029665e-01	5.444900000000015838e-01
5.754999999999999716e+01	2.035400000000116560e-01	6.258200000000102570e-01	4.814400000000080282e-01	2.124900000000103650e-01
5.764999999999999858e+01	5.495299999999956331e-01	9.199499999999926070e-01	2.899899999999899225e-01	5.036799999999903577e-01
5.775000000000000000e+01	3.693499999999985128e-01	4.462299999999979616e-01	4.729800000000156102e-01	3.017400000000069471e-01
5.784999999999999432e+01	2.652600000000058800e-01	7.905600000000162497e-01	2.648400000000004639e-01	3.157900000000080087e-01
5.794999999999999574e+01	3.285700000000003063e-01	5.444099999999904016e-01	2.294699999999857687e-01	3.354099999999971549e-01
5.804999999999999716e+01	4.944399999999955497e-01	7.024000000000032440e-01	5.585400000000027010e-01	3.751100000000042733e-01
5.814999999999999858e+01	3.635900000000104604e-01	8.276200000000095702e-01	8.398000000001488996e-02	4.813699999999893619e-01
5.825000000000000000e+01	1.058499999999899382e-01	5.936700000000015853e-01	3.759899999999851694e-01	2.796000000000030752e-02
5.834999999999999432e+01	2.120700000000049490e-01	6.029799999999972959e-01	7.507000000000045858e-01	4.930300000000027438e-01
5.844999999999999574e+01	6.661399999999974009e-01	4.121600000000050779e-01	1.054500000000050813e-01	4.608200000000033936e-01
5.854999999999999716e+01	2.408400000000030239e-01	3.727899999999997327e-01	8.018799999999999262e-01	3.366199999999975878e-01
5.864999999999999858e+01	4.943399999999993355e-01	4.285699999999985077e-01	6.244900000000108697e-01	3.505400000000070682e-01
5.875000000000000000e+01	1.154700000000023763e-01	5.188900000000115087e-01	8.423300000000141230e-01	3.030599999999960548e-01
5.884999999999999432e+01	3.608200000000051921e-01	1.405299999999881089e-01	5.123499999999854282e-01	4.153600000000083337e-01
5.894999999999999574e+01	4.128599999999963410e-01	4.766900000000102167e-01	6.211300000000030685e-01	3.783299999999925056e-01
5.904999999999999716e+01	3.472000000000020625e-01	4.263300000000051493e-01	5.283599999999940566e-01	3.524500000000165278e-01
5.914999999999999858e+01	3.600500000000130263e-01	2.979699999999862459e-01	6.996900000000063624e-01	1.475299999999895861e-01
5.925000000000000000e+01	3.577299999999907221e-01	2.552299999999982916e-01	5.685100000000196108e-01	6.117800000000017668e-01
5.934999999999999432e+01	3.877000000000144220e-01	5.114700000000045321e-01	4.886699999999794541e-01	3.839499999999965163e-01
5.944999999999999574e+01	2.623599999999913224e-01	4.737800000000208511e-01	3.372700000000262710e-01	2.586900000000023625e-01
5.954999999999999716e+01	5.433600000000123886e-01	4.010899999999765209e-01	5.755999999999892314e-01	4.957500000000099050e-01
5.964999999999999858e+01	4.005899999999954497e-01	4.412400000000020750e-01	3.848999999999960786e-01	4.534199999999993236e-01
5.975000000000000000e+01	3.925899999999962753e-01	3.395900000000308117e-01	4.364900000000220270e-01	5.725900000000037071e-01
5.984999999999999432e+01	5.337500000000102718e-01	6.199799999999933142e-01	4.956499999999781636e-01	5.123200000000078802e-01
5.994999999999999574e+01	4.401299999999979118e-01	2.490099999999992875e-01	3.774600000000218891e-01	3.532699999999890372e-01
